major_id,module,category,service_or_domains,title,priority,release_phases,ship_sizes,pillars,workstreams,source_count,source_id_start,source_id_end,source_ids,implementation_scope,backend_scope,frontend_scope,api_contract,data_model,deterministic_scope,agentic_scope,interaction_model,cost_opportunity,risk_controls,telemetry_contract,test_plan,rollout_guardrail,docs_runbook,acceptance_criteria,dependencies,source_statuses,source_files
MAJ-0291,"Edge, API, and Service Mesh",API,API versioning,"Edge, API, and Service Mesh: API / API versioning",P0,M1 inventory | M2 observable | M3 explainable | M4 interactive | M5 autonomous-assist,L | M | S,cost | disaster-recovery | operational-excellence | performance | resilience | scalability | security,agentic-investigation | ai-triage | automation | health | inventory | operations | tests,49,36-EDGE-API-SERVICE-MESH-00932,36-EDGE-API-SERVICE-MESH-00980,36-EDGE-API-SERVICE-MESH-00932 | 36-EDGE-API-SERVICE-MESH-00933 | 36-EDGE-API-SERVICE-MESH-00934 | 36-EDGE-API-SERVICE-MESH-00935 | 36-EDGE-API-SERVICE-MESH-00936 | 36-EDGE-API-SERVICE-MESH-00937 | 36-EDGE-API-SERVICE-MESH-00938 | 36-EDGE-API-SERVICE-MESH-00939 | 36-EDGE-API-SERVICE-MESH-00940 | 36-EDGE-API-SERVICE-MESH-00941 | 36-EDGE-API-SERVICE-MESH-00942 | 36-EDGE-API-SERVICE-MESH-00943 | 36-EDGE-API-SERVICE-MESH-00944 | 36-EDGE-API-SERVICE-MESH-00945 | 36-EDGE-API-SERVICE-MESH-00946 | 36-EDGE-API-SERVICE-MESH-00947 | 36-EDGE-API-SERVICE-MESH-00948 | 36-EDGE-API-SERVICE-MESH-00949 | 36-EDGE-API-SERVICE-MESH-00950 | 36-EDGE-API-SERVICE-MESH-00951 | 36-EDGE-API-SERVICE-MESH-00952 | 36-EDGE-API-SERVICE-MESH-00953 | 36-EDGE-API-SERVICE-MESH-00954 | 36-EDGE-API-SERVICE-MESH-00955 | 36-EDGE-API-SERVICE-MESH-00956 | 36-EDGE-API-SERVICE-MESH-00957 | 36-EDGE-API-SERVICE-MESH-00958 | 36-EDGE-API-SERVICE-MESH-00959 | 36-EDGE-API-SERVICE-MESH-00960 | 36-EDGE-API-SERVICE-MESH-00961 | 36-EDGE-API-SERVICE-MESH-00962 | 36-EDGE-API-SERVICE-MESH-00963 | 36-EDGE-API-SERVICE-MESH-00964 | 36-EDGE-API-SERVICE-MESH-00965 | 36-EDGE-API-SERVICE-MESH-00966 | 36-EDGE-API-SERVICE-MESH-00967 | 36-EDGE-API-SERVICE-MESH-00968 | 36-EDGE-API-SERVICE-MESH-00969 | 36-EDGE-API-SERVICE-MESH-00970 | 36-EDGE-API-SERVICE-MESH-00971 | 36-EDGE-API-SERVICE-MESH-00972 | 36-EDGE-API-SERVICE-MESH-00973 | 36-EDGE-API-SERVICE-MESH-00974 | 36-EDGE-API-SERVICE-MESH-00975 | 36-EDGE-API-SERVICE-MESH-00976 | 36-EDGE-API-SERVICE-MESH-00977 | 36-EDGE-API-SERVICE-MESH-00978 | 36-EDGE-API-SERVICE-MESH-00979 | 36-EDGE-API-SERVICE-MESH-00980,"Deliver the API capability for API versioning across 7 pillar(s) and 7 workstream(s), preserving the source acceptance criteria from 49 detailed backlog row(s).","Add collector, normalized model, repository methods, and freshness tracking for API versioning. | Add context builder, prompt template, evidence citations, and LLM safety constraints for API versioning. | Add deterministic evaluators, metrics ingestion, and explainable findings for API versioning. | Add fixtures, fake clients, unit tests, and API contract tests for API versioning. | Add runbook schema, scheduler hooks, history, and notification events for API versioning. | Add tool registry, planner, execution trace, read-only default policy, token/time budgets, rollback plan schema, and stop conditions for API versioning. | Add validated commands, dry-run support, RBAC checks, and audit records for API versioning.","Add action menu, confirmations, diff previews, and result status for API versioning. | Add component and e2e tests for API versioning critical flows. | Add health badges, charts, timelines, and affected-object drilldowns for API versioning. | Add investigation timeline, tool-call evidence, confidence labels, approval prompts, replay, and promote-to-runbook actions for API versioning. | Add list/detail views, dependency graph, filters, and export for API versioning. | Add runbook editor, schedule controls, history table, and owner assignment for API versioning. | Add triage panel, follow-up prompts, saved notes, and feedback loop for API versioning.","Expose authenticated API endpoints for Edge, API, and Service Mesh API versioning agentic-investigation with pagination, freshness metadata, audit IDs, error codes, and export support. | Expose authenticated API endpoints for Edge, API, and Service Mesh API versioning ai-triage with pagination, freshness metadata, audit IDs, error codes, and export support. | Expose authenticated API endpoints for Edge, API, and Service Mesh API versioning automation with pagination, freshness metadata, audit IDs, error codes, and export support. | Expose authenticated API endpoints for Edge, API, and Service Mesh API versioning health with pagination, freshness metadata, audit IDs, error codes, and export support. | Expose authenticated API endpoints for Edge, API, and Service Mesh API versioning inventory with pagination, freshness metadata, audit IDs, error codes, and export support. | Expose authenticated API endpoints for Edge, API, and Service Mesh API versioning operations with pagination, freshness metadata, audit IDs, error codes, and export support. | Expose authenticated API endpoints for Edge, API, and Service Mesh API versioning tests with pagination, freshness metadata, audit IDs, error codes, and export support.","api-versioning_cost_agentic-investigation evidence, score, finding, recommendation, owner, suppression, audit event | api-versioning_cost_ai-triage evidence, score, finding, recommendation, owner, suppression, audit event | api-versioning_cost_automation evidence, score, finding, recommendation, owner, suppression, audit event | api-versioning_cost_health evidence, score, finding, recommendation, owner, suppression, audit event | api-versioning_cost_inventory evidence, score, finding, recommendation, owner, suppression, audit event | api-versioning_cost_operations evidence, score, finding, recommendation, owner, suppression, audit event | api-versioning_cost_tests evidence, score, finding, recommendation, owner, suppression, audit event | api-versioning_disaster-recovery_agentic-investigation evidence, score, finding, recommendation, owner, suppression, audit event | +41 more","Implement deterministic checks for API versioning cost that can run without an LLM, emit reason codes, and preserve raw evidence.","Allow agentic investigation only through registered tools for API versioning; read-only diagnostics are default, mutations require explicit approval, and every tool call is replayable.","Support inspect, compare, diagnose, dry-run, approve, execute, rollback-note, audit, and export workflows for API versioning.","Identify savings opportunities for API versioning, quantify estimated monthly impact, confidence, effort, risk, and verification steps.","Require RBAC, scoped credentials, rate limits, stale-data detection, blast-radius summary, suppression policy, and rollback or recovery notes for API versioning.","Emit collection duration, freshness age, success/failure counts, rule evaluation count, AI/tool-call count when applicable, and user action audit metrics for API versioning.","Add unit tests for evaluator logic, fixture tests for collected evidence, API contract tests, UI render/action tests, and one failure-path test for stale or missing API versioning data.","Gate behind a feature flag, support read-only mode first, document required permissions, and add rollback or disable instructions before enabling API versioning agentic-investigation broadly. | Gate behind a feature flag, support read-only mode first, document required permissions, and add rollback or disable instructions before enabling API versioning ai-triage broadly. | Gate behind a feature flag, support read-only mode first, document required permissions, and add rollback or disable instructions before enabling API versioning automation broadly. | Gate behind a feature flag, support read-only mode first, document required permissions, and add rollback or disable instructions before enabling API versioning health broadly. | Gate behind a feature flag, support read-only mode first, document required permissions, and add rollback or disable instructions before enabling API versioning inventory broadly. | Gate behind a feature flag, support read-only mode first, document required permissions, and add rollback or disable instructions before enabling API versioning operations broadly. | Gate behind a feature flag, support read-only mode first, document required permissions, and add rollback or disable instructions before enabling API versioning tests broadly.","Document prerequisites, permissions, setup, known limits, common failure modes, triage commands, remediation approval path, and verification checks for API versioning.","Given API versioning data exists, when the cost agentic-investigation workflow runs, then Mayyam stores evidence, shows status, explains gaps, and exposes API/UI tests for the happy path and one failure path. | Given API versioning data exists, when the cost ai-triage workflow runs, then Mayyam stores evidence, shows status, explains gaps, and exposes API/UI tests for the happy path and one failure path. | Given API versioning data exists, when the cost automation workflow runs, then Mayyam stores evidence, shows status, explains gaps, and exposes API/UI tests for the happy path and one failure path. | Given API versioning data exists, when the cost health workflow runs, then Mayyam stores evidence, shows status, explains gaps, and exposes API/UI tests for the happy path and one failure path. | +45 more","API versioning connector credentials, normalized resource identity, sync-run freshness, RBAC, audit logging",planned-gap,docs/product-roadmap/36-edge-api-service-mesh/feature-backlog.csv
MAJ-0292,"Edge, API, and Service Mesh",DR,DNS failover,"Edge, API, and Service Mesh: DR / DNS failover",P0,M1 inventory | M2 observable | M3 explainable | M4 interactive | M5 autonomous-assist,L | M | S,cost | disaster-recovery | operational-excellence | performance | resilience | scalability | security,agentic-investigation | ai-triage | automation | health | inventory | operations | tests,49,36-EDGE-API-SERVICE-MESH-00883,36-EDGE-API-SERVICE-MESH-00931,36-EDGE-API-SERVICE-MESH-00883 | 36-EDGE-API-SERVICE-MESH-00884 | 36-EDGE-API-SERVICE-MESH-00885 | 36-EDGE-API-SERVICE-MESH-00886 | 36-EDGE-API-SERVICE-MESH-00887 | 36-EDGE-API-SERVICE-MESH-00888 | 36-EDGE-API-SERVICE-MESH-00889 | 36-EDGE-API-SERVICE-MESH-00890 | 36-EDGE-API-SERVICE-MESH-00891 | 36-EDGE-API-SERVICE-MESH-00892 | 36-EDGE-API-SERVICE-MESH-00893 | 36-EDGE-API-SERVICE-MESH-00894 | 36-EDGE-API-SERVICE-MESH-00895 | 36-EDGE-API-SERVICE-MESH-00896 | 36-EDGE-API-SERVICE-MESH-00897 | 36-EDGE-API-SERVICE-MESH-00898 | 36-EDGE-API-SERVICE-MESH-00899 | 36-EDGE-API-SERVICE-MESH-00900 | 36-EDGE-API-SERVICE-MESH-00901 | 36-EDGE-API-SERVICE-MESH-00902 | 36-EDGE-API-SERVICE-MESH-00903 | 36-EDGE-API-SERVICE-MESH-00904 | 36-EDGE-API-SERVICE-MESH-00905 | 36-EDGE-API-SERVICE-MESH-00906 | 36-EDGE-API-SERVICE-MESH-00907 | 36-EDGE-API-SERVICE-MESH-00908 | 36-EDGE-API-SERVICE-MESH-00909 | 36-EDGE-API-SERVICE-MESH-00910 | 36-EDGE-API-SERVICE-MESH-00911 | 36-EDGE-API-SERVICE-MESH-00912 | 36-EDGE-API-SERVICE-MESH-00913 | 36-EDGE-API-SERVICE-MESH-00914 | 36-EDGE-API-SERVICE-MESH-00915 | 36-EDGE-API-SERVICE-MESH-00916 | 36-EDGE-API-SERVICE-MESH-00917 | 36-EDGE-API-SERVICE-MESH-00918 | 36-EDGE-API-SERVICE-MESH-00919 | 36-EDGE-API-SERVICE-MESH-00920 | 36-EDGE-API-SERVICE-MESH-00921 | 36-EDGE-API-SERVICE-MESH-00922 | 36-EDGE-API-SERVICE-MESH-00923 | 36-EDGE-API-SERVICE-MESH-00924 | 36-EDGE-API-SERVICE-MESH-00925 | 36-EDGE-API-SERVICE-MESH-00926 | 36-EDGE-API-SERVICE-MESH-00927 | 36-EDGE-API-SERVICE-MESH-00928 | 36-EDGE-API-SERVICE-MESH-00929 | 36-EDGE-API-SERVICE-MESH-00930 | 36-EDGE-API-SERVICE-MESH-00931,"Deliver the DR capability for DNS failover across 7 pillar(s) and 7 workstream(s), preserving the source acceptance criteria from 49 detailed backlog row(s).","Add collector, normalized model, repository methods, and freshness tracking for DNS failover. | Add context builder, prompt template, evidence citations, and LLM safety constraints for DNS failover. | Add deterministic evaluators, metrics ingestion, and explainable findings for DNS failover. | Add fixtures, fake clients, unit tests, and API contract tests for DNS failover. | Add runbook schema, scheduler hooks, history, and notification events for DNS failover. | Add tool registry, planner, execution trace, read-only default policy, token/time budgets, rollback plan schema, and stop conditions for DNS failover. | Add validated commands, dry-run support, RBAC checks, and audit records for DNS failover.","Add action menu, confirmations, diff previews, and result status for DNS failover. | Add component and e2e tests for DNS failover critical flows. | Add health badges, charts, timelines, and affected-object drilldowns for DNS failover. | Add investigation timeline, tool-call evidence, confidence labels, approval prompts, replay, and promote-to-runbook actions for DNS failover. | Add list/detail views, dependency graph, filters, and export for DNS failover. | Add runbook editor, schedule controls, history table, and owner assignment for DNS failover. | Add triage panel, follow-up prompts, saved notes, and feedback loop for DNS failover.","Expose authenticated API endpoints for Edge, API, and Service Mesh DNS failover agentic-investigation with pagination, freshness metadata, audit IDs, error codes, and export support. | Expose authenticated API endpoints for Edge, API, and Service Mesh DNS failover ai-triage with pagination, freshness metadata, audit IDs, error codes, and export support. | Expose authenticated API endpoints for Edge, API, and Service Mesh DNS failover automation with pagination, freshness metadata, audit IDs, error codes, and export support. | Expose authenticated API endpoints for Edge, API, and Service Mesh DNS failover health with pagination, freshness metadata, audit IDs, error codes, and export support. | Expose authenticated API endpoints for Edge, API, and Service Mesh DNS failover inventory with pagination, freshness metadata, audit IDs, error codes, and export support. | Expose authenticated API endpoints for Edge, API, and Service Mesh DNS failover operations with pagination, freshness metadata, audit IDs, error codes, and export support. | Expose authenticated API endpoints for Edge, API, and Service Mesh DNS failover tests with pagination, freshness metadata, audit IDs, error codes, and export support.","dns-failover_cost_agentic-investigation evidence, score, finding, recommendation, owner, suppression, audit event | dns-failover_cost_ai-triage evidence, score, finding, recommendation, owner, suppression, audit event | dns-failover_cost_automation evidence, score, finding, recommendation, owner, suppression, audit event | dns-failover_cost_health evidence, score, finding, recommendation, owner, suppression, audit event | dns-failover_cost_inventory evidence, score, finding, recommendation, owner, suppression, audit event | dns-failover_cost_operations evidence, score, finding, recommendation, owner, suppression, audit event | dns-failover_cost_tests evidence, score, finding, recommendation, owner, suppression, audit event | dns-failover_disaster-recovery_agentic-investigation evidence, score, finding, recommendation, owner, suppression, audit event | +41 more","Implement deterministic checks for DNS failover cost that can run without an LLM, emit reason codes, and preserve raw evidence.","Allow agentic investigation only through registered tools for DNS failover; read-only diagnostics are default, mutations require explicit approval, and every tool call is replayable.","Support inspect, compare, diagnose, dry-run, approve, execute, rollback-note, audit, and export workflows for DNS failover.","Identify savings opportunities for DNS failover, quantify estimated monthly impact, confidence, effort, risk, and verification steps.","Require RBAC, scoped credentials, rate limits, stale-data detection, blast-radius summary, suppression policy, and rollback or recovery notes for DNS failover.","Emit collection duration, freshness age, success/failure counts, rule evaluation count, AI/tool-call count when applicable, and user action audit metrics for DNS failover.","Add unit tests for evaluator logic, fixture tests for collected evidence, API contract tests, UI render/action tests, and one failure-path test for stale or missing DNS failover data.","Gate behind a feature flag, support read-only mode first, document required permissions, and add rollback or disable instructions before enabling DNS failover agentic-investigation broadly. | Gate behind a feature flag, support read-only mode first, document required permissions, and add rollback or disable instructions before enabling DNS failover ai-triage broadly. | Gate behind a feature flag, support read-only mode first, document required permissions, and add rollback or disable instructions before enabling DNS failover automation broadly. | Gate behind a feature flag, support read-only mode first, document required permissions, and add rollback or disable instructions before enabling DNS failover health broadly. | Gate behind a feature flag, support read-only mode first, document required permissions, and add rollback or disable instructions before enabling DNS failover inventory broadly. | Gate behind a feature flag, support read-only mode first, document required permissions, and add rollback or disable instructions before enabling DNS failover operations broadly. | Gate behind a feature flag, support read-only mode first, document required permissions, and add rollback or disable instructions before enabling DNS failover tests broadly.","Document prerequisites, permissions, setup, known limits, common failure modes, triage commands, remediation approval path, and verification checks for DNS failover.","Given DNS failover data exists, when the cost agentic-investigation workflow runs, then Mayyam stores evidence, shows status, explains gaps, and exposes API/UI tests for the happy path and one failure path. | Given DNS failover data exists, when the cost ai-triage workflow runs, then Mayyam stores evidence, shows status, explains gaps, and exposes API/UI tests for the happy path and one failure path. | Given DNS failover data exists, when the cost automation workflow runs, then Mayyam stores evidence, shows status, explains gaps, and exposes API/UI tests for the happy path and one failure path. | Given DNS failover data exists, when the cost health workflow runs, then Mayyam stores evidence, shows status, explains gaps, and exposes API/UI tests for the happy path and one failure path. | +45 more","DNS failover connector credentials, normalized resource identity, sync-run freshness, RBAC, audit logging",planned-gap,docs/product-roadmap/36-edge-api-service-mesh/feature-backlog.csv
MAJ-0293,"Edge, API, and Service Mesh",FinOps,gateway cost,"Edge, API, and Service Mesh: FinOps / gateway cost",P0,M1 inventory | M2 observable | M3 explainable | M4 interactive | M5 autonomous-assist,L | M | S,cost | disaster-recovery | operational-excellence | performance | resilience | scalability | security,agentic-investigation | ai-triage | automation | health | inventory | operations | tests,49,36-EDGE-API-SERVICE-MESH-00981,36-EDGE-API-SERVICE-MESH-01029,36-EDGE-API-SERVICE-MESH-00981 | 36-EDGE-API-SERVICE-MESH-00982 | 36-EDGE-API-SERVICE-MESH-00983 | 36-EDGE-API-SERVICE-MESH-00984 | 36-EDGE-API-SERVICE-MESH-00985 | 36-EDGE-API-SERVICE-MESH-00986 | 36-EDGE-API-SERVICE-MESH-00987 | 36-EDGE-API-SERVICE-MESH-00988 | 36-EDGE-API-SERVICE-MESH-00989 | 36-EDGE-API-SERVICE-MESH-00990 | 36-EDGE-API-SERVICE-MESH-00991 | 36-EDGE-API-SERVICE-MESH-00992 | 36-EDGE-API-SERVICE-MESH-00993 | 36-EDGE-API-SERVICE-MESH-00994 | 36-EDGE-API-SERVICE-MESH-00995 | 36-EDGE-API-SERVICE-MESH-00996 | 36-EDGE-API-SERVICE-MESH-00997 | 36-EDGE-API-SERVICE-MESH-00998 | 36-EDGE-API-SERVICE-MESH-00999 | 36-EDGE-API-SERVICE-MESH-01000 | 36-EDGE-API-SERVICE-MESH-01001 | 36-EDGE-API-SERVICE-MESH-01002 | 36-EDGE-API-SERVICE-MESH-01003 | 36-EDGE-API-SERVICE-MESH-01004 | 36-EDGE-API-SERVICE-MESH-01005 | 36-EDGE-API-SERVICE-MESH-01006 | 36-EDGE-API-SERVICE-MESH-01007 | 36-EDGE-API-SERVICE-MESH-01008 | 36-EDGE-API-SERVICE-MESH-01009 | 36-EDGE-API-SERVICE-MESH-01010 | 36-EDGE-API-SERVICE-MESH-01011 | 36-EDGE-API-SERVICE-MESH-01012 | 36-EDGE-API-SERVICE-MESH-01013 | 36-EDGE-API-SERVICE-MESH-01014 | 36-EDGE-API-SERVICE-MESH-01015 | 36-EDGE-API-SERVICE-MESH-01016 | 36-EDGE-API-SERVICE-MESH-01017 | 36-EDGE-API-SERVICE-MESH-01018 | 36-EDGE-API-SERVICE-MESH-01019 | 36-EDGE-API-SERVICE-MESH-01020 | 36-EDGE-API-SERVICE-MESH-01021 | 36-EDGE-API-SERVICE-MESH-01022 | 36-EDGE-API-SERVICE-MESH-01023 | 36-EDGE-API-SERVICE-MESH-01024 | 36-EDGE-API-SERVICE-MESH-01025 | 36-EDGE-API-SERVICE-MESH-01026 | 36-EDGE-API-SERVICE-MESH-01027 | 36-EDGE-API-SERVICE-MESH-01028 | 36-EDGE-API-SERVICE-MESH-01029,"Deliver the FinOps capability for gateway cost across 7 pillar(s) and 7 workstream(s), preserving the source acceptance criteria from 49 detailed backlog row(s).","Add collector, normalized model, repository methods, and freshness tracking for gateway cost. | Add context builder, prompt template, evidence citations, and LLM safety constraints for gateway cost. | Add deterministic evaluators, metrics ingestion, and explainable findings for gateway cost. | Add fixtures, fake clients, unit tests, and API contract tests for gateway cost. | Add runbook schema, scheduler hooks, history, and notification events for gateway cost. | Add tool registry, planner, execution trace, read-only default policy, token/time budgets, rollback plan schema, and stop conditions for gateway cost. | Add validated commands, dry-run support, RBAC checks, and audit records for gateway cost.","Add action menu, confirmations, diff previews, and result status for gateway cost. | Add component and e2e tests for gateway cost critical flows. | Add health badges, charts, timelines, and affected-object drilldowns for gateway cost. | Add investigation timeline, tool-call evidence, confidence labels, approval prompts, replay, and promote-to-runbook actions for gateway cost. | Add list/detail views, dependency graph, filters, and export for gateway cost. | Add runbook editor, schedule controls, history table, and owner assignment for gateway cost. | Add triage panel, follow-up prompts, saved notes, and feedback loop for gateway cost.","Expose authenticated API endpoints for Edge, API, and Service Mesh gateway cost agentic-investigation with pagination, freshness metadata, audit IDs, error codes, and export support. | Expose authenticated API endpoints for Edge, API, and Service Mesh gateway cost ai-triage with pagination, freshness metadata, audit IDs, error codes, and export support. | Expose authenticated API endpoints for Edge, API, and Service Mesh gateway cost automation with pagination, freshness metadata, audit IDs, error codes, and export support. | Expose authenticated API endpoints for Edge, API, and Service Mesh gateway cost health with pagination, freshness metadata, audit IDs, error codes, and export support. | Expose authenticated API endpoints for Edge, API, and Service Mesh gateway cost inventory with pagination, freshness metadata, audit IDs, error codes, and export support. | Expose authenticated API endpoints for Edge, API, and Service Mesh gateway cost operations with pagination, freshness metadata, audit IDs, error codes, and export support. | Expose authenticated API endpoints for Edge, API, and Service Mesh gateway cost tests with pagination, freshness metadata, audit IDs, error codes, and export support.","gateway-cost_cost_agentic-investigation evidence, score, finding, recommendation, owner, suppression, audit event | gateway-cost_cost_ai-triage evidence, score, finding, recommendation, owner, suppression, audit event | gateway-cost_cost_automation evidence, score, finding, recommendation, owner, suppression, audit event | gateway-cost_cost_health evidence, score, finding, recommendation, owner, suppression, audit event | gateway-cost_cost_inventory evidence, score, finding, recommendation, owner, suppression, audit event | gateway-cost_cost_operations evidence, score, finding, recommendation, owner, suppression, audit event | gateway-cost_cost_tests evidence, score, finding, recommendation, owner, suppression, audit event | gateway-cost_disaster-recovery_agentic-investigation evidence, score, finding, recommendation, owner, suppression, audit event | +41 more","Implement deterministic checks for gateway cost cost that can run without an LLM, emit reason codes, and preserve raw evidence.","Allow agentic investigation only through registered tools for gateway cost; read-only diagnostics are default, mutations require explicit approval, and every tool call is replayable.","Support inspect, compare, diagnose, dry-run, approve, execute, rollback-note, audit, and export workflows for gateway cost.","Identify savings opportunities for gateway cost, quantify estimated monthly impact, confidence, effort, risk, and verification steps.","Require RBAC, scoped credentials, rate limits, stale-data detection, blast-radius summary, suppression policy, and rollback or recovery notes for gateway cost.","Emit collection duration, freshness age, success/failure counts, rule evaluation count, AI/tool-call count when applicable, and user action audit metrics for gateway cost.","Add unit tests for evaluator logic, fixture tests for collected evidence, API contract tests, UI render/action tests, and one failure-path test for stale or missing gateway cost data.","Gate behind a feature flag, support read-only mode first, document required permissions, and add rollback or disable instructions before enabling gateway cost agentic-investigation broadly. | Gate behind a feature flag, support read-only mode first, document required permissions, and add rollback or disable instructions before enabling gateway cost ai-triage broadly. | Gate behind a feature flag, support read-only mode first, document required permissions, and add rollback or disable instructions before enabling gateway cost automation broadly. | Gate behind a feature flag, support read-only mode first, document required permissions, and add rollback or disable instructions before enabling gateway cost health broadly. | Gate behind a feature flag, support read-only mode first, document required permissions, and add rollback or disable instructions before enabling gateway cost inventory broadly. | Gate behind a feature flag, support read-only mode first, document required permissions, and add rollback or disable instructions before enabling gateway cost operations broadly. | Gate behind a feature flag, support read-only mode first, document required permissions, and add rollback or disable instructions before enabling gateway cost tests broadly.","Document prerequisites, permissions, setup, known limits, common failure modes, triage commands, remediation approval path, and verification checks for gateway cost.","Given gateway cost data exists, when the cost agentic-investigation workflow runs, then Mayyam stores evidence, shows status, explains gaps, and exposes API/UI tests for the happy path and one failure path. | Given gateway cost data exists, when the cost ai-triage workflow runs, then Mayyam stores evidence, shows status, explains gaps, and exposes API/UI tests for the happy path and one failure path. | Given gateway cost data exists, when the cost automation workflow runs, then Mayyam stores evidence, shows status, explains gaps, and exposes API/UI tests for the happy path and one failure path. | Given gateway cost data exists, when the cost health workflow runs, then Mayyam stores evidence, shows status, explains gaps, and exposes API/UI tests for the happy path and one failure path. | +45 more","gateway cost connector credentials, normalized resource identity, sync-run freshness, RBAC, audit logging",planned-gap,docs/product-roadmap/36-edge-api-service-mesh/feature-backlog.csv
MAJ-0294,"Edge, API, and Service Mesh",Health,route health,"Edge, API, and Service Mesh: Health / route health",P0,M1 inventory | M2 observable | M3 explainable | M4 interactive | M5 autonomous-assist,L | M | S,cost | disaster-recovery | operational-excellence | performance | resilience | scalability | security,agentic-investigation | ai-triage | automation | health | inventory | operations | tests,49,36-EDGE-API-SERVICE-MESH-00295,36-EDGE-API-SERVICE-MESH-00343,36-EDGE-API-SERVICE-MESH-00295 | 36-EDGE-API-SERVICE-MESH-00296 | 36-EDGE-API-SERVICE-MESH-00297 | 36-EDGE-API-SERVICE-MESH-00298 | 36-EDGE-API-SERVICE-MESH-00299 | 36-EDGE-API-SERVICE-MESH-00300 | 36-EDGE-API-SERVICE-MESH-00301 | 36-EDGE-API-SERVICE-MESH-00302 | 36-EDGE-API-SERVICE-MESH-00303 | 36-EDGE-API-SERVICE-MESH-00304 | 36-EDGE-API-SERVICE-MESH-00305 | 36-EDGE-API-SERVICE-MESH-00306 | 36-EDGE-API-SERVICE-MESH-00307 | 36-EDGE-API-SERVICE-MESH-00308 | 36-EDGE-API-SERVICE-MESH-00309 | 36-EDGE-API-SERVICE-MESH-00310 | 36-EDGE-API-SERVICE-MESH-00311 | 36-EDGE-API-SERVICE-MESH-00312 | 36-EDGE-API-SERVICE-MESH-00313 | 36-EDGE-API-SERVICE-MESH-00314 | 36-EDGE-API-SERVICE-MESH-00315 | 36-EDGE-API-SERVICE-MESH-00316 | 36-EDGE-API-SERVICE-MESH-00317 | 36-EDGE-API-SERVICE-MESH-00318 | 36-EDGE-API-SERVICE-MESH-00319 | 36-EDGE-API-SERVICE-MESH-00320 | 36-EDGE-API-SERVICE-MESH-00321 | 36-EDGE-API-SERVICE-MESH-00322 | 36-EDGE-API-SERVICE-MESH-00323 | 36-EDGE-API-SERVICE-MESH-00324 | 36-EDGE-API-SERVICE-MESH-00325 | 36-EDGE-API-SERVICE-MESH-00326 | 36-EDGE-API-SERVICE-MESH-00327 | 36-EDGE-API-SERVICE-MESH-00328 | 36-EDGE-API-SERVICE-MESH-00329 | 36-EDGE-API-SERVICE-MESH-00330 | 36-EDGE-API-SERVICE-MESH-00331 | 36-EDGE-API-SERVICE-MESH-00332 | 36-EDGE-API-SERVICE-MESH-00333 | 36-EDGE-API-SERVICE-MESH-00334 | 36-EDGE-API-SERVICE-MESH-00335 | 36-EDGE-API-SERVICE-MESH-00336 | 36-EDGE-API-SERVICE-MESH-00337 | 36-EDGE-API-SERVICE-MESH-00338 | 36-EDGE-API-SERVICE-MESH-00339 | 36-EDGE-API-SERVICE-MESH-00340 | 36-EDGE-API-SERVICE-MESH-00341 | 36-EDGE-API-SERVICE-MESH-00342 | 36-EDGE-API-SERVICE-MESH-00343,"Deliver the Health capability for route health across 7 pillar(s) and 7 workstream(s), preserving the source acceptance criteria from 49 detailed backlog row(s).","Add collector, normalized model, repository methods, and freshness tracking for route health. | Add context builder, prompt template, evidence citations, and LLM safety constraints for route health. | Add deterministic evaluators, metrics ingestion, and explainable findings for route health. | Add fixtures, fake clients, unit tests, and API contract tests for route health. | Add runbook schema, scheduler hooks, history, and notification events for route health. | Add tool registry, planner, execution trace, read-only default policy, token/time budgets, rollback plan schema, and stop conditions for route health. | Add validated commands, dry-run support, RBAC checks, and audit records for route health.","Add action menu, confirmations, diff previews, and result status for route health. | Add component and e2e tests for route health critical flows. | Add health badges, charts, timelines, and affected-object drilldowns for route health. | Add investigation timeline, tool-call evidence, confidence labels, approval prompts, replay, and promote-to-runbook actions for route health. | Add list/detail views, dependency graph, filters, and export for route health. | Add runbook editor, schedule controls, history table, and owner assignment for route health. | Add triage panel, follow-up prompts, saved notes, and feedback loop for route health.","Expose authenticated API endpoints for Edge, API, and Service Mesh route health agentic-investigation with pagination, freshness metadata, audit IDs, error codes, and export support. | Expose authenticated API endpoints for Edge, API, and Service Mesh route health ai-triage with pagination, freshness metadata, audit IDs, error codes, and export support. | Expose authenticated API endpoints for Edge, API, and Service Mesh route health automation with pagination, freshness metadata, audit IDs, error codes, and export support. | Expose authenticated API endpoints for Edge, API, and Service Mesh route health health with pagination, freshness metadata, audit IDs, error codes, and export support. | Expose authenticated API endpoints for Edge, API, and Service Mesh route health inventory with pagination, freshness metadata, audit IDs, error codes, and export support. | Expose authenticated API endpoints for Edge, API, and Service Mesh route health operations with pagination, freshness metadata, audit IDs, error codes, and export support. | Expose authenticated API endpoints for Edge, API, and Service Mesh route health tests with pagination, freshness metadata, audit IDs, error codes, and export support.","route-health_cost_agentic-investigation evidence, score, finding, recommendation, owner, suppression, audit event | route-health_cost_ai-triage evidence, score, finding, recommendation, owner, suppression, audit event | route-health_cost_automation evidence, score, finding, recommendation, owner, suppression, audit event | route-health_cost_health evidence, score, finding, recommendation, owner, suppression, audit event | route-health_cost_inventory evidence, score, finding, recommendation, owner, suppression, audit event | route-health_cost_operations evidence, score, finding, recommendation, owner, suppression, audit event | route-health_cost_tests evidence, score, finding, recommendation, owner, suppression, audit event | route-health_disaster-recovery_agentic-investigation evidence, score, finding, recommendation, owner, suppression, audit event | +41 more","Implement deterministic checks for route health cost that can run without an LLM, emit reason codes, and preserve raw evidence.","Allow agentic investigation only through registered tools for route health; read-only diagnostics are default, mutations require explicit approval, and every tool call is replayable.","Support inspect, compare, diagnose, dry-run, approve, execute, rollback-note, audit, and export workflows for route health.","Identify savings opportunities for route health, quantify estimated monthly impact, confidence, effort, risk, and verification steps.","Require RBAC, scoped credentials, rate limits, stale-data detection, blast-radius summary, suppression policy, and rollback or recovery notes for route health.","Emit collection duration, freshness age, success/failure counts, rule evaluation count, AI/tool-call count when applicable, and user action audit metrics for route health.","Add unit tests for evaluator logic, fixture tests for collected evidence, API contract tests, UI render/action tests, and one failure-path test for stale or missing route health data.","Gate behind a feature flag, support read-only mode first, document required permissions, and add rollback or disable instructions before enabling route health agentic-investigation broadly. | Gate behind a feature flag, support read-only mode first, document required permissions, and add rollback or disable instructions before enabling route health ai-triage broadly. | Gate behind a feature flag, support read-only mode first, document required permissions, and add rollback or disable instructions before enabling route health automation broadly. | Gate behind a feature flag, support read-only mode first, document required permissions, and add rollback or disable instructions before enabling route health health broadly. | Gate behind a feature flag, support read-only mode first, document required permissions, and add rollback or disable instructions before enabling route health inventory broadly. | Gate behind a feature flag, support read-only mode first, document required permissions, and add rollback or disable instructions before enabling route health operations broadly. | Gate behind a feature flag, support read-only mode first, document required permissions, and add rollback or disable instructions before enabling route health tests broadly.","Document prerequisites, permissions, setup, known limits, common failure modes, triage commands, remediation approval path, and verification checks for route health.","Given route health data exists, when the cost agentic-investigation workflow runs, then Mayyam stores evidence, shows status, explains gaps, and exposes API/UI tests for the happy path and one failure path. | Given route health data exists, when the cost ai-triage workflow runs, then Mayyam stores evidence, shows status, explains gaps, and exposes API/UI tests for the happy path and one failure path. | Given route health data exists, when the cost automation workflow runs, then Mayyam stores evidence, shows status, explains gaps, and exposes API/UI tests for the happy path and one failure path. | Given route health data exists, when the cost health workflow runs, then Mayyam stores evidence, shows status, explains gaps, and exposes API/UI tests for the happy path and one failure path. | +45 more","route health connector credentials, normalized resource identity, sync-run freshness, RBAC, audit logging",planned-gap,docs/product-roadmap/36-edge-api-service-mesh/feature-backlog.csv
MAJ-0295,"Edge, API, and Service Mesh",Inventory,API gateway inventory | CDN inventory,"Edge, API, and Service Mesh: Inventory / API gateway inventory + CDN inventory",P0,M1 inventory | M2 observable | M3 explainable | M4 interactive | M5 autonomous-assist,L | M | S,cost | disaster-recovery | operational-excellence | performance | resilience | scalability | security,agentic-investigation | ai-triage | automation | health | inventory | operations | tests,98,36-EDGE-API-SERVICE-MESH-00001,36-EDGE-API-SERVICE-MESH-00098,36-EDGE-API-SERVICE-MESH-00001 | 36-EDGE-API-SERVICE-MESH-00002 | 36-EDGE-API-SERVICE-MESH-00003 | 36-EDGE-API-SERVICE-MESH-00004 | 36-EDGE-API-SERVICE-MESH-00005 | 36-EDGE-API-SERVICE-MESH-00006 | 36-EDGE-API-SERVICE-MESH-00007 | 36-EDGE-API-SERVICE-MESH-00008 | 36-EDGE-API-SERVICE-MESH-00009 | 36-EDGE-API-SERVICE-MESH-00010 | 36-EDGE-API-SERVICE-MESH-00011 | 36-EDGE-API-SERVICE-MESH-00012 | 36-EDGE-API-SERVICE-MESH-00013 | 36-EDGE-API-SERVICE-MESH-00014 | 36-EDGE-API-SERVICE-MESH-00015 | 36-EDGE-API-SERVICE-MESH-00016 | 36-EDGE-API-SERVICE-MESH-00017 | 36-EDGE-API-SERVICE-MESH-00018 | 36-EDGE-API-SERVICE-MESH-00019 | 36-EDGE-API-SERVICE-MESH-00020 | 36-EDGE-API-SERVICE-MESH-00021 | 36-EDGE-API-SERVICE-MESH-00022 | 36-EDGE-API-SERVICE-MESH-00023 | 36-EDGE-API-SERVICE-MESH-00024 | 36-EDGE-API-SERVICE-MESH-00025 | 36-EDGE-API-SERVICE-MESH-00026 | 36-EDGE-API-SERVICE-MESH-00027 | 36-EDGE-API-SERVICE-MESH-00028 | 36-EDGE-API-SERVICE-MESH-00029 | 36-EDGE-API-SERVICE-MESH-00030 | 36-EDGE-API-SERVICE-MESH-00031 | 36-EDGE-API-SERVICE-MESH-00032 | 36-EDGE-API-SERVICE-MESH-00033 | 36-EDGE-API-SERVICE-MESH-00034 | 36-EDGE-API-SERVICE-MESH-00035 | 36-EDGE-API-SERVICE-MESH-00036 | 36-EDGE-API-SERVICE-MESH-00037 | 36-EDGE-API-SERVICE-MESH-00038 | 36-EDGE-API-SERVICE-MESH-00039 | 36-EDGE-API-SERVICE-MESH-00040 | 36-EDGE-API-SERVICE-MESH-00041 | 36-EDGE-API-SERVICE-MESH-00042 | 36-EDGE-API-SERVICE-MESH-00043 | 36-EDGE-API-SERVICE-MESH-00044 | 36-EDGE-API-SERVICE-MESH-00045 | 36-EDGE-API-SERVICE-MESH-00046 | 36-EDGE-API-SERVICE-MESH-00047 | 36-EDGE-API-SERVICE-MESH-00048 | 36-EDGE-API-SERVICE-MESH-00049 | 36-EDGE-API-SERVICE-MESH-00050 | 36-EDGE-API-SERVICE-MESH-00051 | 36-EDGE-API-SERVICE-MESH-00052 | 36-EDGE-API-SERVICE-MESH-00053 | 36-EDGE-API-SERVICE-MESH-00054 | 36-EDGE-API-SERVICE-MESH-00055 | 36-EDGE-API-SERVICE-MESH-00056 | 36-EDGE-API-SERVICE-MESH-00057 | 36-EDGE-API-SERVICE-MESH-00058 | 36-EDGE-API-SERVICE-MESH-00059 | 36-EDGE-API-SERVICE-MESH-00060 | 36-EDGE-API-SERVICE-MESH-00061 | 36-EDGE-API-SERVICE-MESH-00062 | 36-EDGE-API-SERVICE-MESH-00063 | 36-EDGE-API-SERVICE-MESH-00064 | 36-EDGE-API-SERVICE-MESH-00065 | 36-EDGE-API-SERVICE-MESH-00066 | 36-EDGE-API-SERVICE-MESH-00067 | 36-EDGE-API-SERVICE-MESH-00068 | 36-EDGE-API-SERVICE-MESH-00069 | 36-EDGE-API-SERVICE-MESH-00070 | 36-EDGE-API-SERVICE-MESH-00071 | 36-EDGE-API-SERVICE-MESH-00072 | 36-EDGE-API-SERVICE-MESH-00073 | 36-EDGE-API-SERVICE-MESH-00074 | 36-EDGE-API-SERVICE-MESH-00075 | 36-EDGE-API-SERVICE-MESH-00076 | 36-EDGE-API-SERVICE-MESH-00077 | 36-EDGE-API-SERVICE-MESH-00078 | 36-EDGE-API-SERVICE-MESH-00079 | 36-EDGE-API-SERVICE-MESH-00080 | 36-EDGE-API-SERVICE-MESH-00081 | 36-EDGE-API-SERVICE-MESH-00082 | 36-EDGE-API-SERVICE-MESH-00083 | 36-EDGE-API-SERVICE-MESH-00084 | 36-EDGE-API-SERVICE-MESH-00085 | 36-EDGE-API-SERVICE-MESH-00086 | 36-EDGE-API-SERVICE-MESH-00087 | 36-EDGE-API-SERVICE-MESH-00088 | 36-EDGE-API-SERVICE-MESH-00089 | 36-EDGE-API-SERVICE-MESH-00090 | 36-EDGE-API-SERVICE-MESH-00091 | 36-EDGE-API-SERVICE-MESH-00092 | 36-EDGE-API-SERVICE-MESH-00093 | 36-EDGE-API-SERVICE-MESH-00094 | 36-EDGE-API-SERVICE-MESH-00095 | 36-EDGE-API-SERVICE-MESH-00096 | 36-EDGE-API-SERVICE-MESH-00097 | 36-EDGE-API-SERVICE-MESH-00098,"Deliver the Inventory capability for API gateway inventory + CDN inventory across 7 pillar(s) and 7 workstream(s), preserving the source acceptance criteria from 98 detailed backlog row(s).","Add collector, normalized model, repository methods, and freshness tracking for API gateway inventory. | Add collector, normalized model, repository methods, and freshness tracking for CDN inventory. | Add context builder, prompt template, evidence citations, and LLM safety constraints for API gateway inventory. | Add context builder, prompt template, evidence citations, and LLM safety constraints for CDN inventory. | Add deterministic evaluators, metrics ingestion, and explainable findings for API gateway inventory. | Add deterministic evaluators, metrics ingestion, and explainable findings for CDN inventory. | Add fixtures, fake clients, unit tests, and API contract tests for API gateway inventory. | Add fixtures, fake clients, unit tests, and API contract tests for CDN inventory. | +6 more","Add action menu, confirmations, diff previews, and result status for API gateway inventory. | Add action menu, confirmations, diff previews, and result status for CDN inventory. | Add component and e2e tests for API gateway inventory critical flows. | Add component and e2e tests for CDN inventory critical flows. | Add health badges, charts, timelines, and affected-object drilldowns for API gateway inventory. | Add health badges, charts, timelines, and affected-object drilldowns for CDN inventory. | Add investigation timeline, tool-call evidence, confidence labels, approval prompts, replay, and promote-to-runbook actions for API gateway inventory. | Add investigation timeline, tool-call evidence, confidence labels, approval prompts, replay, and promote-to-runbook actions for CDN inventory. | +6 more","Expose authenticated API endpoints for Edge, API, and Service Mesh API gateway inventory agentic-investigation with pagination, freshness metadata, audit IDs, error codes, and export support. | Expose authenticated API endpoints for Edge, API, and Service Mesh API gateway inventory ai-triage with pagination, freshness metadata, audit IDs, error codes, and export support. | Expose authenticated API endpoints for Edge, API, and Service Mesh API gateway inventory automation with pagination, freshness metadata, audit IDs, error codes, and export support. | Expose authenticated API endpoints for Edge, API, and Service Mesh API gateway inventory health with pagination, freshness metadata, audit IDs, error codes, and export support. | Expose authenticated API endpoints for Edge, API, and Service Mesh API gateway inventory inventory with pagination, freshness metadata, audit IDs, error codes, and export support. | Expose authenticated API endpoints for Edge, API, and Service Mesh API gateway inventory operations with pagination, freshness metadata, audit IDs, error codes, and export support. | Expose authenticated API endpoints for Edge, API, and Service Mesh API gateway inventory tests with pagination, freshness metadata, audit IDs, error codes, and export support. | Expose authenticated API endpoints for Edge, API, and Service Mesh CDN inventory agentic-investigation with pagination, freshness metadata, audit IDs, error codes, and export support. | +6 more","api-gateway-inventory_cost_agentic-investigation evidence, score, finding, recommendation, owner, suppression, audit event | api-gateway-inventory_cost_ai-triage evidence, score, finding, recommendation, owner, suppression, audit event | api-gateway-inventory_cost_automation evidence, score, finding, recommendation, owner, suppression, audit event | api-gateway-inventory_cost_health evidence, score, finding, recommendation, owner, suppression, audit event | api-gateway-inventory_cost_inventory evidence, score, finding, recommendation, owner, suppression, audit event | api-gateway-inventory_cost_operations evidence, score, finding, recommendation, owner, suppression, audit event | api-gateway-inventory_cost_tests evidence, score, finding, recommendation, owner, suppression, audit event | api-gateway-inventory_disaster-recovery_agentic-investigation evidence, score, finding, recommendation, owner, suppression, audit event | +90 more","Implement deterministic checks for API gateway inventory cost that can run without an LLM, emit reason codes, and preserve raw evidence.","Allow agentic investigation only through registered tools for API gateway inventory; read-only diagnostics are default, mutations require explicit approval, and every tool call is replayable.","Support inspect, compare, diagnose, dry-run, approve, execute, rollback-note, audit, and export workflows for API gateway inventory.","Identify savings opportunities for API gateway inventory, quantify estimated monthly impact, confidence, effort, risk, and verification steps.","Require RBAC, scoped credentials, rate limits, stale-data detection, blast-radius summary, suppression policy, and rollback or recovery notes for API gateway inventory.","Emit collection duration, freshness age, success/failure counts, rule evaluation count, AI/tool-call count when applicable, and user action audit metrics for API gateway inventory. | Emit collection duration, freshness age, success/failure counts, rule evaluation count, AI/tool-call count when applicable, and user action audit metrics for CDN inventory.","Add unit tests for evaluator logic, fixture tests for collected evidence, API contract tests, UI render/action tests, and one failure-path test for stale or missing API gateway inventory data. | Add unit tests for evaluator logic, fixture tests for collected evidence, API contract tests, UI render/action tests, and one failure-path test for stale or missing CDN inventory data.","Gate behind a feature flag, support read-only mode first, document required permissions, and add rollback or disable instructions before enabling API gateway inventory agentic-investigation broadly. | Gate behind a feature flag, support read-only mode first, document required permissions, and add rollback or disable instructions before enabling API gateway inventory ai-triage broadly. | Gate behind a feature flag, support read-only mode first, document required permissions, and add rollback or disable instructions before enabling API gateway inventory automation broadly. | Gate behind a feature flag, support read-only mode first, document required permissions, and add rollback or disable instructions before enabling API gateway inventory health broadly. | Gate behind a feature flag, support read-only mode first, document required permissions, and add rollback or disable instructions before enabling API gateway inventory inventory broadly. | Gate behind a feature flag, support read-only mode first, document required permissions, and add rollback or disable instructions before enabling API gateway inventory operations broadly. | Gate behind a feature flag, support read-only mode first, document required permissions, and add rollback or disable instructions before enabling API gateway inventory tests broadly. | Gate behind a feature flag, support read-only mode first, document required permissions, and add rollback or disable instructions before enabling CDN inventory agentic-investigation broadly. | +6 more","Document prerequisites, permissions, setup, known limits, common failure modes, triage commands, remediation approval path, and verification checks for API gateway inventory. | Document prerequisites, permissions, setup, known limits, common failure modes, triage commands, remediation approval path, and verification checks for CDN inventory.","Given API gateway inventory data exists, when the cost agentic-investigation workflow runs, then Mayyam stores evidence, shows status, explains gaps, and exposes API/UI tests for the happy path and one failure path. | Given API gateway inventory data exists, when the cost ai-triage workflow runs, then Mayyam stores evidence, shows status, explains gaps, and exposes API/UI tests for the happy path and one failure path. | Given API gateway inventory data exists, when the cost automation workflow runs, then Mayyam stores evidence, shows status, explains gaps, and exposes API/UI tests for the happy path and one failure path. | Given API gateway inventory data exists, when the cost health workflow runs, then Mayyam stores evidence, shows status, explains gaps, and exposes API/UI tests for the happy path and one failure path. | +94 more","API gateway inventory connector credentials, normalized resource identity, sync-run freshness, RBAC, audit logging | CDN inventory connector credentials, normalized resource identity, sync-run freshness, RBAC, audit logging",planned-gap,docs/product-roadmap/36-edge-api-service-mesh/feature-backlog.csv
MAJ-0296,"Edge, API, and Service Mesh",Inventory,DNS zone inventory | service mesh inventory,"Edge, API, and Service Mesh: Inventory / DNS zone inventory + service mesh inventory",P0,M1 inventory | M2 observable | M3 explainable | M4 interactive | M5 autonomous-assist,L | M | S,cost | disaster-recovery | operational-excellence | performance | resilience | scalability | security,agentic-investigation | ai-triage | automation | health | inventory | operations | tests,98,36-EDGE-API-SERVICE-MESH-00099,36-EDGE-API-SERVICE-MESH-00196,36-EDGE-API-SERVICE-MESH-00099 | 36-EDGE-API-SERVICE-MESH-00100 | 36-EDGE-API-SERVICE-MESH-00101 | 36-EDGE-API-SERVICE-MESH-00102 | 36-EDGE-API-SERVICE-MESH-00103 | 36-EDGE-API-SERVICE-MESH-00104 | 36-EDGE-API-SERVICE-MESH-00105 | 36-EDGE-API-SERVICE-MESH-00106 | 36-EDGE-API-SERVICE-MESH-00107 | 36-EDGE-API-SERVICE-MESH-00108 | 36-EDGE-API-SERVICE-MESH-00109 | 36-EDGE-API-SERVICE-MESH-00110 | 36-EDGE-API-SERVICE-MESH-00111 | 36-EDGE-API-SERVICE-MESH-00112 | 36-EDGE-API-SERVICE-MESH-00113 | 36-EDGE-API-SERVICE-MESH-00114 | 36-EDGE-API-SERVICE-MESH-00115 | 36-EDGE-API-SERVICE-MESH-00116 | 36-EDGE-API-SERVICE-MESH-00117 | 36-EDGE-API-SERVICE-MESH-00118 | 36-EDGE-API-SERVICE-MESH-00119 | 36-EDGE-API-SERVICE-MESH-00120 | 36-EDGE-API-SERVICE-MESH-00121 | 36-EDGE-API-SERVICE-MESH-00122 | 36-EDGE-API-SERVICE-MESH-00123 | 36-EDGE-API-SERVICE-MESH-00124 | 36-EDGE-API-SERVICE-MESH-00125 | 36-EDGE-API-SERVICE-MESH-00126 | 36-EDGE-API-SERVICE-MESH-00127 | 36-EDGE-API-SERVICE-MESH-00128 | 36-EDGE-API-SERVICE-MESH-00129 | 36-EDGE-API-SERVICE-MESH-00130 | 36-EDGE-API-SERVICE-MESH-00131 | 36-EDGE-API-SERVICE-MESH-00132 | 36-EDGE-API-SERVICE-MESH-00133 | 36-EDGE-API-SERVICE-MESH-00134 | 36-EDGE-API-SERVICE-MESH-00135 | 36-EDGE-API-SERVICE-MESH-00136 | 36-EDGE-API-SERVICE-MESH-00137 | 36-EDGE-API-SERVICE-MESH-00138 | 36-EDGE-API-SERVICE-MESH-00139 | 36-EDGE-API-SERVICE-MESH-00140 | 36-EDGE-API-SERVICE-MESH-00141 | 36-EDGE-API-SERVICE-MESH-00142 | 36-EDGE-API-SERVICE-MESH-00143 | 36-EDGE-API-SERVICE-MESH-00144 | 36-EDGE-API-SERVICE-MESH-00145 | 36-EDGE-API-SERVICE-MESH-00146 | 36-EDGE-API-SERVICE-MESH-00147 | 36-EDGE-API-SERVICE-MESH-00148 | 36-EDGE-API-SERVICE-MESH-00149 | 36-EDGE-API-SERVICE-MESH-00150 | 36-EDGE-API-SERVICE-MESH-00151 | 36-EDGE-API-SERVICE-MESH-00152 | 36-EDGE-API-SERVICE-MESH-00153 | 36-EDGE-API-SERVICE-MESH-00154 | 36-EDGE-API-SERVICE-MESH-00155 | 36-EDGE-API-SERVICE-MESH-00156 | 36-EDGE-API-SERVICE-MESH-00157 | 36-EDGE-API-SERVICE-MESH-00158 | 36-EDGE-API-SERVICE-MESH-00159 | 36-EDGE-API-SERVICE-MESH-00160 | 36-EDGE-API-SERVICE-MESH-00161 | 36-EDGE-API-SERVICE-MESH-00162 | 36-EDGE-API-SERVICE-MESH-00163 | 36-EDGE-API-SERVICE-MESH-00164 | 36-EDGE-API-SERVICE-MESH-00165 | 36-EDGE-API-SERVICE-MESH-00166 | 36-EDGE-API-SERVICE-MESH-00167 | 36-EDGE-API-SERVICE-MESH-00168 | 36-EDGE-API-SERVICE-MESH-00169 | 36-EDGE-API-SERVICE-MESH-00170 | 36-EDGE-API-SERVICE-MESH-00171 | 36-EDGE-API-SERVICE-MESH-00172 | 36-EDGE-API-SERVICE-MESH-00173 | 36-EDGE-API-SERVICE-MESH-00174 | 36-EDGE-API-SERVICE-MESH-00175 | 36-EDGE-API-SERVICE-MESH-00176 | 36-EDGE-API-SERVICE-MESH-00177 | 36-EDGE-API-SERVICE-MESH-00178 | 36-EDGE-API-SERVICE-MESH-00179 | 36-EDGE-API-SERVICE-MESH-00180 | 36-EDGE-API-SERVICE-MESH-00181 | 36-EDGE-API-SERVICE-MESH-00182 | 36-EDGE-API-SERVICE-MESH-00183 | 36-EDGE-API-SERVICE-MESH-00184 | 36-EDGE-API-SERVICE-MESH-00185 | 36-EDGE-API-SERVICE-MESH-00186 | 36-EDGE-API-SERVICE-MESH-00187 | 36-EDGE-API-SERVICE-MESH-00188 | 36-EDGE-API-SERVICE-MESH-00189 | 36-EDGE-API-SERVICE-MESH-00190 | 36-EDGE-API-SERVICE-MESH-00191 | 36-EDGE-API-SERVICE-MESH-00192 | 36-EDGE-API-SERVICE-MESH-00193 | 36-EDGE-API-SERVICE-MESH-00194 | 36-EDGE-API-SERVICE-MESH-00195 | 36-EDGE-API-SERVICE-MESH-00196,"Deliver the Inventory capability for DNS zone inventory + service mesh inventory across 7 pillar(s) and 7 workstream(s), preserving the source acceptance criteria from 98 detailed backlog row(s).","Add collector, normalized model, repository methods, and freshness tracking for DNS zone inventory. | Add collector, normalized model, repository methods, and freshness tracking for service mesh inventory. | Add context builder, prompt template, evidence citations, and LLM safety constraints for DNS zone inventory. | Add context builder, prompt template, evidence citations, and LLM safety constraints for service mesh inventory. | Add deterministic evaluators, metrics ingestion, and explainable findings for DNS zone inventory. | Add deterministic evaluators, metrics ingestion, and explainable findings for service mesh inventory. | Add fixtures, fake clients, unit tests, and API contract tests for DNS zone inventory. | Add fixtures, fake clients, unit tests, and API contract tests for service mesh inventory. | +6 more","Add action menu, confirmations, diff previews, and result status for DNS zone inventory. | Add action menu, confirmations, diff previews, and result status for service mesh inventory. | Add component and e2e tests for DNS zone inventory critical flows. | Add component and e2e tests for service mesh inventory critical flows. | Add health badges, charts, timelines, and affected-object drilldowns for DNS zone inventory. | Add health badges, charts, timelines, and affected-object drilldowns for service mesh inventory. | Add investigation timeline, tool-call evidence, confidence labels, approval prompts, replay, and promote-to-runbook actions for DNS zone inventory. | Add investigation timeline, tool-call evidence, confidence labels, approval prompts, replay, and promote-to-runbook actions for service mesh inventory. | +6 more","Expose authenticated API endpoints for Edge, API, and Service Mesh DNS zone inventory agentic-investigation with pagination, freshness metadata, audit IDs, error codes, and export support. | Expose authenticated API endpoints for Edge, API, and Service Mesh DNS zone inventory ai-triage with pagination, freshness metadata, audit IDs, error codes, and export support. | Expose authenticated API endpoints for Edge, API, and Service Mesh DNS zone inventory automation with pagination, freshness metadata, audit IDs, error codes, and export support. | Expose authenticated API endpoints for Edge, API, and Service Mesh DNS zone inventory health with pagination, freshness metadata, audit IDs, error codes, and export support. | Expose authenticated API endpoints for Edge, API, and Service Mesh DNS zone inventory inventory with pagination, freshness metadata, audit IDs, error codes, and export support. | Expose authenticated API endpoints for Edge, API, and Service Mesh DNS zone inventory operations with pagination, freshness metadata, audit IDs, error codes, and export support. | Expose authenticated API endpoints for Edge, API, and Service Mesh DNS zone inventory tests with pagination, freshness metadata, audit IDs, error codes, and export support. | Expose authenticated API endpoints for Edge, API, and Service Mesh service mesh inventory agentic-investigation with pagination, freshness metadata, audit IDs, error codes, and export support. | +6 more","dns-zone-inventory_cost_agentic-investigation evidence, score, finding, recommendation, owner, suppression, audit event | dns-zone-inventory_cost_ai-triage evidence, score, finding, recommendation, owner, suppression, audit event | dns-zone-inventory_cost_automation evidence, score, finding, recommendation, owner, suppression, audit event | dns-zone-inventory_cost_health evidence, score, finding, recommendation, owner, suppression, audit event | dns-zone-inventory_cost_inventory evidence, score, finding, recommendation, owner, suppression, audit event | dns-zone-inventory_cost_operations evidence, score, finding, recommendation, owner, suppression, audit event | dns-zone-inventory_cost_tests evidence, score, finding, recommendation, owner, suppression, audit event | dns-zone-inventory_disaster-recovery_agentic-investigation evidence, score, finding, recommendation, owner, suppression, audit event | +90 more","Implement deterministic checks for DNS zone inventory cost that can run without an LLM, emit reason codes, and preserve raw evidence.","Allow agentic investigation only through registered tools for DNS zone inventory; read-only diagnostics are default, mutations require explicit approval, and every tool call is replayable.","Support inspect, compare, diagnose, dry-run, approve, execute, rollback-note, audit, and export workflows for DNS zone inventory.","Identify savings opportunities for DNS zone inventory, quantify estimated monthly impact, confidence, effort, risk, and verification steps.","Require RBAC, scoped credentials, rate limits, stale-data detection, blast-radius summary, suppression policy, and rollback or recovery notes for DNS zone inventory.","Emit collection duration, freshness age, success/failure counts, rule evaluation count, AI/tool-call count when applicable, and user action audit metrics for DNS zone inventory. | Emit collection duration, freshness age, success/failure counts, rule evaluation count, AI/tool-call count when applicable, and user action audit metrics for service mesh inventory.","Add unit tests for evaluator logic, fixture tests for collected evidence, API contract tests, UI render/action tests, and one failure-path test for stale or missing DNS zone inventory data. | Add unit tests for evaluator logic, fixture tests for collected evidence, API contract tests, UI render/action tests, and one failure-path test for stale or missing service mesh inventory data.","Gate behind a feature flag, support read-only mode first, document required permissions, and add rollback or disable instructions before enabling DNS zone inventory agentic-investigation broadly. | Gate behind a feature flag, support read-only mode first, document required permissions, and add rollback or disable instructions before enabling DNS zone inventory ai-triage broadly. | Gate behind a feature flag, support read-only mode first, document required permissions, and add rollback or disable instructions before enabling DNS zone inventory automation broadly. | Gate behind a feature flag, support read-only mode first, document required permissions, and add rollback or disable instructions before enabling DNS zone inventory health broadly. | Gate behind a feature flag, support read-only mode first, document required permissions, and add rollback or disable instructions before enabling DNS zone inventory inventory broadly. | Gate behind a feature flag, support read-only mode first, document required permissions, and add rollback or disable instructions before enabling DNS zone inventory operations broadly. | Gate behind a feature flag, support read-only mode first, document required permissions, and add rollback or disable instructions before enabling DNS zone inventory tests broadly. | Gate behind a feature flag, support read-only mode first, document required permissions, and add rollback or disable instructions before enabling service mesh inventory agentic-investigation broadly. | +6 more","Document prerequisites, permissions, setup, known limits, common failure modes, triage commands, remediation approval path, and verification checks for DNS zone inventory. | Document prerequisites, permissions, setup, known limits, common failure modes, triage commands, remediation approval path, and verification checks for service mesh inventory.","Given DNS zone inventory data exists, when the cost agentic-investigation workflow runs, then Mayyam stores evidence, shows status, explains gaps, and exposes API/UI tests for the happy path and one failure path. | Given DNS zone inventory data exists, when the cost ai-triage workflow runs, then Mayyam stores evidence, shows status, explains gaps, and exposes API/UI tests for the happy path and one failure path. | Given DNS zone inventory data exists, when the cost automation workflow runs, then Mayyam stores evidence, shows status, explains gaps, and exposes API/UI tests for the happy path and one failure path. | Given DNS zone inventory data exists, when the cost health workflow runs, then Mayyam stores evidence, shows status, explains gaps, and exposes API/UI tests for the happy path and one failure path. | +94 more","DNS zone inventory connector credentials, normalized resource identity, sync-run freshness, RBAC, audit logging | service mesh inventory connector credentials, normalized resource identity, sync-run freshness, RBAC, audit logging",planned-gap,docs/product-roadmap/36-edge-api-service-mesh/feature-backlog.csv
MAJ-0297,"Edge, API, and Service Mesh",Kubernetes,egress gateway | ingress controller,"Edge, API, and Service Mesh: Kubernetes / egress gateway + ingress controller",P0,M1 inventory | M2 observable | M3 explainable | M4 interactive | M5 autonomous-assist,L | M | S,cost | disaster-recovery | operational-excellence | performance | resilience | scalability | security,agentic-investigation | ai-triage | automation | health | inventory | operations | tests,98,36-EDGE-API-SERVICE-MESH-00246,36-EDGE-API-SERVICE-MESH-00245,36-EDGE-API-SERVICE-MESH-00246 | 36-EDGE-API-SERVICE-MESH-00247 | 36-EDGE-API-SERVICE-MESH-00248 | 36-EDGE-API-SERVICE-MESH-00249 | 36-EDGE-API-SERVICE-MESH-00250 | 36-EDGE-API-SERVICE-MESH-00251 | 36-EDGE-API-SERVICE-MESH-00252 | 36-EDGE-API-SERVICE-MESH-00253 | 36-EDGE-API-SERVICE-MESH-00254 | 36-EDGE-API-SERVICE-MESH-00255 | 36-EDGE-API-SERVICE-MESH-00256 | 36-EDGE-API-SERVICE-MESH-00257 | 36-EDGE-API-SERVICE-MESH-00258 | 36-EDGE-API-SERVICE-MESH-00259 | 36-EDGE-API-SERVICE-MESH-00260 | 36-EDGE-API-SERVICE-MESH-00261 | 36-EDGE-API-SERVICE-MESH-00262 | 36-EDGE-API-SERVICE-MESH-00263 | 36-EDGE-API-SERVICE-MESH-00264 | 36-EDGE-API-SERVICE-MESH-00265 | 36-EDGE-API-SERVICE-MESH-00266 | 36-EDGE-API-SERVICE-MESH-00267 | 36-EDGE-API-SERVICE-MESH-00268 | 36-EDGE-API-SERVICE-MESH-00269 | 36-EDGE-API-SERVICE-MESH-00270 | 36-EDGE-API-SERVICE-MESH-00271 | 36-EDGE-API-SERVICE-MESH-00272 | 36-EDGE-API-SERVICE-MESH-00273 | 36-EDGE-API-SERVICE-MESH-00274 | 36-EDGE-API-SERVICE-MESH-00275 | 36-EDGE-API-SERVICE-MESH-00276 | 36-EDGE-API-SERVICE-MESH-00277 | 36-EDGE-API-SERVICE-MESH-00278 | 36-EDGE-API-SERVICE-MESH-00279 | 36-EDGE-API-SERVICE-MESH-00280 | 36-EDGE-API-SERVICE-MESH-00281 | 36-EDGE-API-SERVICE-MESH-00282 | 36-EDGE-API-SERVICE-MESH-00283 | 36-EDGE-API-SERVICE-MESH-00284 | 36-EDGE-API-SERVICE-MESH-00285 | 36-EDGE-API-SERVICE-MESH-00286 | 36-EDGE-API-SERVICE-MESH-00287 | 36-EDGE-API-SERVICE-MESH-00288 | 36-EDGE-API-SERVICE-MESH-00289 | 36-EDGE-API-SERVICE-MESH-00290 | 36-EDGE-API-SERVICE-MESH-00291 | 36-EDGE-API-SERVICE-MESH-00292 | 36-EDGE-API-SERVICE-MESH-00293 | 36-EDGE-API-SERVICE-MESH-00294 | 36-EDGE-API-SERVICE-MESH-00197 | 36-EDGE-API-SERVICE-MESH-00198 | 36-EDGE-API-SERVICE-MESH-00199 | 36-EDGE-API-SERVICE-MESH-00200 | 36-EDGE-API-SERVICE-MESH-00201 | 36-EDGE-API-SERVICE-MESH-00202 | 36-EDGE-API-SERVICE-MESH-00203 | 36-EDGE-API-SERVICE-MESH-00204 | 36-EDGE-API-SERVICE-MESH-00205 | 36-EDGE-API-SERVICE-MESH-00206 | 36-EDGE-API-SERVICE-MESH-00207 | 36-EDGE-API-SERVICE-MESH-00208 | 36-EDGE-API-SERVICE-MESH-00209 | 36-EDGE-API-SERVICE-MESH-00210 | 36-EDGE-API-SERVICE-MESH-00211 | 36-EDGE-API-SERVICE-MESH-00212 | 36-EDGE-API-SERVICE-MESH-00213 | 36-EDGE-API-SERVICE-MESH-00214 | 36-EDGE-API-SERVICE-MESH-00215 | 36-EDGE-API-SERVICE-MESH-00216 | 36-EDGE-API-SERVICE-MESH-00217 | 36-EDGE-API-SERVICE-MESH-00218 | 36-EDGE-API-SERVICE-MESH-00219 | 36-EDGE-API-SERVICE-MESH-00220 | 36-EDGE-API-SERVICE-MESH-00221 | 36-EDGE-API-SERVICE-MESH-00222 | 36-EDGE-API-SERVICE-MESH-00223 | 36-EDGE-API-SERVICE-MESH-00224 | 36-EDGE-API-SERVICE-MESH-00225 | 36-EDGE-API-SERVICE-MESH-00226 | 36-EDGE-API-SERVICE-MESH-00227 | 36-EDGE-API-SERVICE-MESH-00228 | 36-EDGE-API-SERVICE-MESH-00229 | 36-EDGE-API-SERVICE-MESH-00230 | 36-EDGE-API-SERVICE-MESH-00231 | 36-EDGE-API-SERVICE-MESH-00232 | 36-EDGE-API-SERVICE-MESH-00233 | 36-EDGE-API-SERVICE-MESH-00234 | 36-EDGE-API-SERVICE-MESH-00235 | 36-EDGE-API-SERVICE-MESH-00236 | 36-EDGE-API-SERVICE-MESH-00237 | 36-EDGE-API-SERVICE-MESH-00238 | 36-EDGE-API-SERVICE-MESH-00239 | 36-EDGE-API-SERVICE-MESH-00240 | 36-EDGE-API-SERVICE-MESH-00241 | 36-EDGE-API-SERVICE-MESH-00242 | 36-EDGE-API-SERVICE-MESH-00243 | 36-EDGE-API-SERVICE-MESH-00244 | 36-EDGE-API-SERVICE-MESH-00245,"Deliver the Kubernetes capability for egress gateway + ingress controller across 7 pillar(s) and 7 workstream(s), preserving the source acceptance criteria from 98 detailed backlog row(s).","Add collector, normalized model, repository methods, and freshness tracking for egress gateway. | Add collector, normalized model, repository methods, and freshness tracking for ingress controller. | Add context builder, prompt template, evidence citations, and LLM safety constraints for egress gateway. | Add context builder, prompt template, evidence citations, and LLM safety constraints for ingress controller. | Add deterministic evaluators, metrics ingestion, and explainable findings for egress gateway. | Add deterministic evaluators, metrics ingestion, and explainable findings for ingress controller. | Add fixtures, fake clients, unit tests, and API contract tests for egress gateway. | Add fixtures, fake clients, unit tests, and API contract tests for ingress controller. | +6 more","Add action menu, confirmations, diff previews, and result status for egress gateway. | Add action menu, confirmations, diff previews, and result status for ingress controller. | Add component and e2e tests for egress gateway critical flows. | Add component and e2e tests for ingress controller critical flows. | Add health badges, charts, timelines, and affected-object drilldowns for egress gateway. | Add health badges, charts, timelines, and affected-object drilldowns for ingress controller. | Add investigation timeline, tool-call evidence, confidence labels, approval prompts, replay, and promote-to-runbook actions for egress gateway. | Add investigation timeline, tool-call evidence, confidence labels, approval prompts, replay, and promote-to-runbook actions for ingress controller. | +6 more","Expose authenticated API endpoints for Edge, API, and Service Mesh egress gateway agentic-investigation with pagination, freshness metadata, audit IDs, error codes, and export support. | Expose authenticated API endpoints for Edge, API, and Service Mesh egress gateway ai-triage with pagination, freshness metadata, audit IDs, error codes, and export support. | Expose authenticated API endpoints for Edge, API, and Service Mesh egress gateway automation with pagination, freshness metadata, audit IDs, error codes, and export support. | Expose authenticated API endpoints for Edge, API, and Service Mesh egress gateway health with pagination, freshness metadata, audit IDs, error codes, and export support. | Expose authenticated API endpoints for Edge, API, and Service Mesh egress gateway inventory with pagination, freshness metadata, audit IDs, error codes, and export support. | Expose authenticated API endpoints for Edge, API, and Service Mesh egress gateway operations with pagination, freshness metadata, audit IDs, error codes, and export support. | Expose authenticated API endpoints for Edge, API, and Service Mesh egress gateway tests with pagination, freshness metadata, audit IDs, error codes, and export support. | Expose authenticated API endpoints for Edge, API, and Service Mesh ingress controller agentic-investigation with pagination, freshness metadata, audit IDs, error codes, and export support. | +6 more","egress-gateway_cost_agentic-investigation evidence, score, finding, recommendation, owner, suppression, audit event | egress-gateway_cost_ai-triage evidence, score, finding, recommendation, owner, suppression, audit event | egress-gateway_cost_automation evidence, score, finding, recommendation, owner, suppression, audit event | egress-gateway_cost_health evidence, score, finding, recommendation, owner, suppression, audit event | egress-gateway_cost_inventory evidence, score, finding, recommendation, owner, suppression, audit event | egress-gateway_cost_operations evidence, score, finding, recommendation, owner, suppression, audit event | egress-gateway_cost_tests evidence, score, finding, recommendation, owner, suppression, audit event | egress-gateway_disaster-recovery_agentic-investigation evidence, score, finding, recommendation, owner, suppression, audit event | +90 more","Implement deterministic checks for egress gateway cost that can run without an LLM, emit reason codes, and preserve raw evidence.","Allow agentic investigation only through registered tools for egress gateway; read-only diagnostics are default, mutations require explicit approval, and every tool call is replayable.","Support inspect, compare, diagnose, dry-run, approve, execute, rollback-note, audit, and export workflows for egress gateway.","Identify savings opportunities for egress gateway, quantify estimated monthly impact, confidence, effort, risk, and verification steps.","Require RBAC, scoped credentials, rate limits, stale-data detection, blast-radius summary, suppression policy, and rollback or recovery notes for egress gateway.","Emit collection duration, freshness age, success/failure counts, rule evaluation count, AI/tool-call count when applicable, and user action audit metrics for egress gateway. | Emit collection duration, freshness age, success/failure counts, rule evaluation count, AI/tool-call count when applicable, and user action audit metrics for ingress controller.","Add unit tests for evaluator logic, fixture tests for collected evidence, API contract tests, UI render/action tests, and one failure-path test for stale or missing egress gateway data. | Add unit tests for evaluator logic, fixture tests for collected evidence, API contract tests, UI render/action tests, and one failure-path test for stale or missing ingress controller data.","Gate behind a feature flag, support read-only mode first, document required permissions, and add rollback or disable instructions before enabling egress gateway agentic-investigation broadly. | Gate behind a feature flag, support read-only mode first, document required permissions, and add rollback or disable instructions before enabling egress gateway ai-triage broadly. | Gate behind a feature flag, support read-only mode first, document required permissions, and add rollback or disable instructions before enabling egress gateway automation broadly. | Gate behind a feature flag, support read-only mode first, document required permissions, and add rollback or disable instructions before enabling egress gateway health broadly. | Gate behind a feature flag, support read-only mode first, document required permissions, and add rollback or disable instructions before enabling egress gateway inventory broadly. | Gate behind a feature flag, support read-only mode first, document required permissions, and add rollback or disable instructions before enabling egress gateway operations broadly. | Gate behind a feature flag, support read-only mode first, document required permissions, and add rollback or disable instructions before enabling egress gateway tests broadly. | Gate behind a feature flag, support read-only mode first, document required permissions, and add rollback or disable instructions before enabling ingress controller agentic-investigation broadly. | +6 more","Document prerequisites, permissions, setup, known limits, common failure modes, triage commands, remediation approval path, and verification checks for egress gateway. | Document prerequisites, permissions, setup, known limits, common failure modes, triage commands, remediation approval path, and verification checks for ingress controller.","Given egress gateway data exists, when the cost agentic-investigation workflow runs, then Mayyam stores evidence, shows status, explains gaps, and exposes API/UI tests for the happy path and one failure path. | Given egress gateway data exists, when the cost ai-triage workflow runs, then Mayyam stores evidence, shows status, explains gaps, and exposes API/UI tests for the happy path and one failure path. | Given egress gateway data exists, when the cost automation workflow runs, then Mayyam stores evidence, shows status, explains gaps, and exposes API/UI tests for the happy path and one failure path. | Given egress gateway data exists, when the cost health workflow runs, then Mayyam stores evidence, shows status, explains gaps, and exposes API/UI tests for the happy path and one failure path. | +94 more","egress gateway connector credentials, normalized resource identity, sync-run freshness, RBAC, audit logging | ingress controller connector credentials, normalized resource identity, sync-run freshness, RBAC, audit logging",planned-gap,docs/product-roadmap/36-edge-api-service-mesh/feature-backlog.csv
MAJ-0298,"Edge, API, and Service Mesh",Performance,edge cache,"Edge, API, and Service Mesh: Performance / edge cache",P0,M1 inventory | M2 observable | M3 explainable | M4 interactive | M5 autonomous-assist,L | M | S,cost | disaster-recovery | operational-excellence | performance | resilience | scalability | security,agentic-investigation | ai-triage | automation | health | inventory | operations | tests,49,36-EDGE-API-SERVICE-MESH-00785,36-EDGE-API-SERVICE-MESH-00833,36-EDGE-API-SERVICE-MESH-00785 | 36-EDGE-API-SERVICE-MESH-00786 | 36-EDGE-API-SERVICE-MESH-00787 | 36-EDGE-API-SERVICE-MESH-00788 | 36-EDGE-API-SERVICE-MESH-00789 | 36-EDGE-API-SERVICE-MESH-00790 | 36-EDGE-API-SERVICE-MESH-00791 | 36-EDGE-API-SERVICE-MESH-00792 | 36-EDGE-API-SERVICE-MESH-00793 | 36-EDGE-API-SERVICE-MESH-00794 | 36-EDGE-API-SERVICE-MESH-00795 | 36-EDGE-API-SERVICE-MESH-00796 | 36-EDGE-API-SERVICE-MESH-00797 | 36-EDGE-API-SERVICE-MESH-00798 | 36-EDGE-API-SERVICE-MESH-00799 | 36-EDGE-API-SERVICE-MESH-00800 | 36-EDGE-API-SERVICE-MESH-00801 | 36-EDGE-API-SERVICE-MESH-00802 | 36-EDGE-API-SERVICE-MESH-00803 | 36-EDGE-API-SERVICE-MESH-00804 | 36-EDGE-API-SERVICE-MESH-00805 | 36-EDGE-API-SERVICE-MESH-00806 | 36-EDGE-API-SERVICE-MESH-00807 | 36-EDGE-API-SERVICE-MESH-00808 | 36-EDGE-API-SERVICE-MESH-00809 | 36-EDGE-API-SERVICE-MESH-00810 | 36-EDGE-API-SERVICE-MESH-00811 | 36-EDGE-API-SERVICE-MESH-00812 | 36-EDGE-API-SERVICE-MESH-00813 | 36-EDGE-API-SERVICE-MESH-00814 | 36-EDGE-API-SERVICE-MESH-00815 | 36-EDGE-API-SERVICE-MESH-00816 | 36-EDGE-API-SERVICE-MESH-00817 | 36-EDGE-API-SERVICE-MESH-00818 | 36-EDGE-API-SERVICE-MESH-00819 | 36-EDGE-API-SERVICE-MESH-00820 | 36-EDGE-API-SERVICE-MESH-00821 | 36-EDGE-API-SERVICE-MESH-00822 | 36-EDGE-API-SERVICE-MESH-00823 | 36-EDGE-API-SERVICE-MESH-00824 | 36-EDGE-API-SERVICE-MESH-00825 | 36-EDGE-API-SERVICE-MESH-00826 | 36-EDGE-API-SERVICE-MESH-00827 | 36-EDGE-API-SERVICE-MESH-00828 | 36-EDGE-API-SERVICE-MESH-00829 | 36-EDGE-API-SERVICE-MESH-00830 | 36-EDGE-API-SERVICE-MESH-00831 | 36-EDGE-API-SERVICE-MESH-00832 | 36-EDGE-API-SERVICE-MESH-00833,"Deliver the Performance capability for edge cache across 7 pillar(s) and 7 workstream(s), preserving the source acceptance criteria from 49 detailed backlog row(s).","Add collector, normalized model, repository methods, and freshness tracking for edge cache. | Add context builder, prompt template, evidence citations, and LLM safety constraints for edge cache. | Add deterministic evaluators, metrics ingestion, and explainable findings for edge cache. | Add fixtures, fake clients, unit tests, and API contract tests for edge cache. | Add runbook schema, scheduler hooks, history, and notification events for edge cache. | Add tool registry, planner, execution trace, read-only default policy, token/time budgets, rollback plan schema, and stop conditions for edge cache. | Add validated commands, dry-run support, RBAC checks, and audit records for edge cache.","Add action menu, confirmations, diff previews, and result status for edge cache. | Add component and e2e tests for edge cache critical flows. | Add health badges, charts, timelines, and affected-object drilldowns for edge cache. | Add investigation timeline, tool-call evidence, confidence labels, approval prompts, replay, and promote-to-runbook actions for edge cache. | Add list/detail views, dependency graph, filters, and export for edge cache. | Add runbook editor, schedule controls, history table, and owner assignment for edge cache. | Add triage panel, follow-up prompts, saved notes, and feedback loop for edge cache.","Expose authenticated API endpoints for Edge, API, and Service Mesh edge cache agentic-investigation with pagination, freshness metadata, audit IDs, error codes, and export support. | Expose authenticated API endpoints for Edge, API, and Service Mesh edge cache ai-triage with pagination, freshness metadata, audit IDs, error codes, and export support. | Expose authenticated API endpoints for Edge, API, and Service Mesh edge cache automation with pagination, freshness metadata, audit IDs, error codes, and export support. | Expose authenticated API endpoints for Edge, API, and Service Mesh edge cache health with pagination, freshness metadata, audit IDs, error codes, and export support. | Expose authenticated API endpoints for Edge, API, and Service Mesh edge cache inventory with pagination, freshness metadata, audit IDs, error codes, and export support. | Expose authenticated API endpoints for Edge, API, and Service Mesh edge cache operations with pagination, freshness metadata, audit IDs, error codes, and export support. | Expose authenticated API endpoints for Edge, API, and Service Mesh edge cache tests with pagination, freshness metadata, audit IDs, error codes, and export support.","edge-cache_cost_agentic-investigation evidence, score, finding, recommendation, owner, suppression, audit event | edge-cache_cost_ai-triage evidence, score, finding, recommendation, owner, suppression, audit event | edge-cache_cost_automation evidence, score, finding, recommendation, owner, suppression, audit event | edge-cache_cost_health evidence, score, finding, recommendation, owner, suppression, audit event | edge-cache_cost_inventory evidence, score, finding, recommendation, owner, suppression, audit event | edge-cache_cost_operations evidence, score, finding, recommendation, owner, suppression, audit event | edge-cache_cost_tests evidence, score, finding, recommendation, owner, suppression, audit event | edge-cache_disaster-recovery_agentic-investigation evidence, score, finding, recommendation, owner, suppression, audit event | +41 more","Implement deterministic checks for edge cache cost that can run without an LLM, emit reason codes, and preserve raw evidence.","Allow agentic investigation only through registered tools for edge cache; read-only diagnostics are default, mutations require explicit approval, and every tool call is replayable.","Support inspect, compare, diagnose, dry-run, approve, execute, rollback-note, audit, and export workflows for edge cache.","Identify savings opportunities for edge cache, quantify estimated monthly impact, confidence, effort, risk, and verification steps.","Require RBAC, scoped credentials, rate limits, stale-data detection, blast-radius summary, suppression policy, and rollback or recovery notes for edge cache.","Emit collection duration, freshness age, success/failure counts, rule evaluation count, AI/tool-call count when applicable, and user action audit metrics for edge cache.","Add unit tests for evaluator logic, fixture tests for collected evidence, API contract tests, UI render/action tests, and one failure-path test for stale or missing edge cache data.","Gate behind a feature flag, support read-only mode first, document required permissions, and add rollback or disable instructions before enabling edge cache agentic-investigation broadly. | Gate behind a feature flag, support read-only mode first, document required permissions, and add rollback or disable instructions before enabling edge cache ai-triage broadly. | Gate behind a feature flag, support read-only mode first, document required permissions, and add rollback or disable instructions before enabling edge cache automation broadly. | Gate behind a feature flag, support read-only mode first, document required permissions, and add rollback or disable instructions before enabling edge cache health broadly. | Gate behind a feature flag, support read-only mode first, document required permissions, and add rollback or disable instructions before enabling edge cache inventory broadly. | Gate behind a feature flag, support read-only mode first, document required permissions, and add rollback or disable instructions before enabling edge cache operations broadly. | Gate behind a feature flag, support read-only mode first, document required permissions, and add rollback or disable instructions before enabling edge cache tests broadly.","Document prerequisites, permissions, setup, known limits, common failure modes, triage commands, remediation approval path, and verification checks for edge cache.","Given edge cache data exists, when the cost agentic-investigation workflow runs, then Mayyam stores evidence, shows status, explains gaps, and exposes API/UI tests for the happy path and one failure path. | Given edge cache data exists, when the cost ai-triage workflow runs, then Mayyam stores evidence, shows status, explains gaps, and exposes API/UI tests for the happy path and one failure path. | Given edge cache data exists, when the cost automation workflow runs, then Mayyam stores evidence, shows status, explains gaps, and exposes API/UI tests for the happy path and one failure path. | Given edge cache data exists, when the cost health workflow runs, then Mayyam stores evidence, shows status, explains gaps, and exposes API/UI tests for the happy path and one failure path. | +45 more","edge cache connector credentials, normalized resource identity, sync-run freshness, RBAC, audit logging",planned-gap,docs/product-roadmap/36-edge-api-service-mesh/feature-backlog.csv
MAJ-0299,"Edge, API, and Service Mesh",Resilience,circuit breaker | retry policy,"Edge, API, and Service Mesh: Resilience / circuit breaker + retry policy",P0,M1 inventory | M2 observable | M3 explainable | M4 interactive | M5 autonomous-assist,L | M | S,cost | disaster-recovery | operational-excellence | performance | resilience | scalability | security,agentic-investigation | ai-triage | automation | health | inventory | operations | tests,98,36-EDGE-API-SERVICE-MESH-00638,36-EDGE-API-SERVICE-MESH-00735,36-EDGE-API-SERVICE-MESH-00638 | 36-EDGE-API-SERVICE-MESH-00639 | 36-EDGE-API-SERVICE-MESH-00640 | 36-EDGE-API-SERVICE-MESH-00641 | 36-EDGE-API-SERVICE-MESH-00642 | 36-EDGE-API-SERVICE-MESH-00643 | 36-EDGE-API-SERVICE-MESH-00644 | 36-EDGE-API-SERVICE-MESH-00645 | 36-EDGE-API-SERVICE-MESH-00646 | 36-EDGE-API-SERVICE-MESH-00647 | 36-EDGE-API-SERVICE-MESH-00648 | 36-EDGE-API-SERVICE-MESH-00649 | 36-EDGE-API-SERVICE-MESH-00650 | 36-EDGE-API-SERVICE-MESH-00651 | 36-EDGE-API-SERVICE-MESH-00652 | 36-EDGE-API-SERVICE-MESH-00653 | 36-EDGE-API-SERVICE-MESH-00654 | 36-EDGE-API-SERVICE-MESH-00655 | 36-EDGE-API-SERVICE-MESH-00656 | 36-EDGE-API-SERVICE-MESH-00657 | 36-EDGE-API-SERVICE-MESH-00658 | 36-EDGE-API-SERVICE-MESH-00659 | 36-EDGE-API-SERVICE-MESH-00660 | 36-EDGE-API-SERVICE-MESH-00661 | 36-EDGE-API-SERVICE-MESH-00662 | 36-EDGE-API-SERVICE-MESH-00663 | 36-EDGE-API-SERVICE-MESH-00664 | 36-EDGE-API-SERVICE-MESH-00665 | 36-EDGE-API-SERVICE-MESH-00666 | 36-EDGE-API-SERVICE-MESH-00667 | 36-EDGE-API-SERVICE-MESH-00668 | 36-EDGE-API-SERVICE-MESH-00669 | 36-EDGE-API-SERVICE-MESH-00670 | 36-EDGE-API-SERVICE-MESH-00671 | 36-EDGE-API-SERVICE-MESH-00672 | 36-EDGE-API-SERVICE-MESH-00673 | 36-EDGE-API-SERVICE-MESH-00674 | 36-EDGE-API-SERVICE-MESH-00675 | 36-EDGE-API-SERVICE-MESH-00676 | 36-EDGE-API-SERVICE-MESH-00677 | 36-EDGE-API-SERVICE-MESH-00678 | 36-EDGE-API-SERVICE-MESH-00679 | 36-EDGE-API-SERVICE-MESH-00680 | 36-EDGE-API-SERVICE-MESH-00681 | 36-EDGE-API-SERVICE-MESH-00682 | 36-EDGE-API-SERVICE-MESH-00683 | 36-EDGE-API-SERVICE-MESH-00684 | 36-EDGE-API-SERVICE-MESH-00685 | 36-EDGE-API-SERVICE-MESH-00686 | 36-EDGE-API-SERVICE-MESH-00687 | 36-EDGE-API-SERVICE-MESH-00688 | 36-EDGE-API-SERVICE-MESH-00689 | 36-EDGE-API-SERVICE-MESH-00690 | 36-EDGE-API-SERVICE-MESH-00691 | 36-EDGE-API-SERVICE-MESH-00692 | 36-EDGE-API-SERVICE-MESH-00693 | 36-EDGE-API-SERVICE-MESH-00694 | 36-EDGE-API-SERVICE-MESH-00695 | 36-EDGE-API-SERVICE-MESH-00696 | 36-EDGE-API-SERVICE-MESH-00697 | 36-EDGE-API-SERVICE-MESH-00698 | 36-EDGE-API-SERVICE-MESH-00699 | 36-EDGE-API-SERVICE-MESH-00700 | 36-EDGE-API-SERVICE-MESH-00701 | 36-EDGE-API-SERVICE-MESH-00702 | 36-EDGE-API-SERVICE-MESH-00703 | 36-EDGE-API-SERVICE-MESH-00704 | 36-EDGE-API-SERVICE-MESH-00705 | 36-EDGE-API-SERVICE-MESH-00706 | 36-EDGE-API-SERVICE-MESH-00707 | 36-EDGE-API-SERVICE-MESH-00708 | 36-EDGE-API-SERVICE-MESH-00709 | 36-EDGE-API-SERVICE-MESH-00710 | 36-EDGE-API-SERVICE-MESH-00711 | 36-EDGE-API-SERVICE-MESH-00712 | 36-EDGE-API-SERVICE-MESH-00713 | 36-EDGE-API-SERVICE-MESH-00714 | 36-EDGE-API-SERVICE-MESH-00715 | 36-EDGE-API-SERVICE-MESH-00716 | 36-EDGE-API-SERVICE-MESH-00717 | 36-EDGE-API-SERVICE-MESH-00718 | 36-EDGE-API-SERVICE-MESH-00719 | 36-EDGE-API-SERVICE-MESH-00720 | 36-EDGE-API-SERVICE-MESH-00721 | 36-EDGE-API-SERVICE-MESH-00722 | 36-EDGE-API-SERVICE-MESH-00723 | 36-EDGE-API-SERVICE-MESH-00724 | 36-EDGE-API-SERVICE-MESH-00725 | 36-EDGE-API-SERVICE-MESH-00726 | 36-EDGE-API-SERVICE-MESH-00727 | 36-EDGE-API-SERVICE-MESH-00728 | 36-EDGE-API-SERVICE-MESH-00729 | 36-EDGE-API-SERVICE-MESH-00730 | 36-EDGE-API-SERVICE-MESH-00731 | 36-EDGE-API-SERVICE-MESH-00732 | 36-EDGE-API-SERVICE-MESH-00733 | 36-EDGE-API-SERVICE-MESH-00734 | 36-EDGE-API-SERVICE-MESH-00735,"Deliver the Resilience capability for circuit breaker + retry policy across 7 pillar(s) and 7 workstream(s), preserving the source acceptance criteria from 98 detailed backlog row(s).","Add collector, normalized model, repository methods, and freshness tracking for circuit breaker. | Add collector, normalized model, repository methods, and freshness tracking for retry policy. | Add context builder, prompt template, evidence citations, and LLM safety constraints for circuit breaker. | Add context builder, prompt template, evidence citations, and LLM safety constraints for retry policy. | Add deterministic evaluators, metrics ingestion, and explainable findings for circuit breaker. | Add deterministic evaluators, metrics ingestion, and explainable findings for retry policy. | Add fixtures, fake clients, unit tests, and API contract tests for circuit breaker. | Add fixtures, fake clients, unit tests, and API contract tests for retry policy. | +6 more","Add action menu, confirmations, diff previews, and result status for circuit breaker. | Add action menu, confirmations, diff previews, and result status for retry policy. | Add component and e2e tests for circuit breaker critical flows. | Add component and e2e tests for retry policy critical flows. | Add health badges, charts, timelines, and affected-object drilldowns for circuit breaker. | Add health badges, charts, timelines, and affected-object drilldowns for retry policy. | Add investigation timeline, tool-call evidence, confidence labels, approval prompts, replay, and promote-to-runbook actions for circuit breaker. | Add investigation timeline, tool-call evidence, confidence labels, approval prompts, replay, and promote-to-runbook actions for retry policy. | +6 more","Expose authenticated API endpoints for Edge, API, and Service Mesh circuit breaker agentic-investigation with pagination, freshness metadata, audit IDs, error codes, and export support. | Expose authenticated API endpoints for Edge, API, and Service Mesh circuit breaker ai-triage with pagination, freshness metadata, audit IDs, error codes, and export support. | Expose authenticated API endpoints for Edge, API, and Service Mesh circuit breaker automation with pagination, freshness metadata, audit IDs, error codes, and export support. | Expose authenticated API endpoints for Edge, API, and Service Mesh circuit breaker health with pagination, freshness metadata, audit IDs, error codes, and export support. | Expose authenticated API endpoints for Edge, API, and Service Mesh circuit breaker inventory with pagination, freshness metadata, audit IDs, error codes, and export support. | Expose authenticated API endpoints for Edge, API, and Service Mesh circuit breaker operations with pagination, freshness metadata, audit IDs, error codes, and export support. | Expose authenticated API endpoints for Edge, API, and Service Mesh circuit breaker tests with pagination, freshness metadata, audit IDs, error codes, and export support. | Expose authenticated API endpoints for Edge, API, and Service Mesh retry policy agentic-investigation with pagination, freshness metadata, audit IDs, error codes, and export support. | +6 more","circuit-breaker_cost_agentic-investigation evidence, score, finding, recommendation, owner, suppression, audit event | circuit-breaker_cost_ai-triage evidence, score, finding, recommendation, owner, suppression, audit event | circuit-breaker_cost_automation evidence, score, finding, recommendation, owner, suppression, audit event | circuit-breaker_cost_health evidence, score, finding, recommendation, owner, suppression, audit event | circuit-breaker_cost_inventory evidence, score, finding, recommendation, owner, suppression, audit event | circuit-breaker_cost_operations evidence, score, finding, recommendation, owner, suppression, audit event | circuit-breaker_cost_tests evidence, score, finding, recommendation, owner, suppression, audit event | circuit-breaker_disaster-recovery_agentic-investigation evidence, score, finding, recommendation, owner, suppression, audit event | +90 more","Implement deterministic checks for circuit breaker cost that can run without an LLM, emit reason codes, and preserve raw evidence.","Allow agentic investigation only through registered tools for circuit breaker; read-only diagnostics are default, mutations require explicit approval, and every tool call is replayable.","Support inspect, compare, diagnose, dry-run, approve, execute, rollback-note, audit, and export workflows for circuit breaker.","Identify savings opportunities for circuit breaker, quantify estimated monthly impact, confidence, effort, risk, and verification steps.","Require RBAC, scoped credentials, rate limits, stale-data detection, blast-radius summary, suppression policy, and rollback or recovery notes for circuit breaker.","Emit collection duration, freshness age, success/failure counts, rule evaluation count, AI/tool-call count when applicable, and user action audit metrics for circuit breaker. | Emit collection duration, freshness age, success/failure counts, rule evaluation count, AI/tool-call count when applicable, and user action audit metrics for retry policy.","Add unit tests for evaluator logic, fixture tests for collected evidence, API contract tests, UI render/action tests, and one failure-path test for stale or missing circuit breaker data. | Add unit tests for evaluator logic, fixture tests for collected evidence, API contract tests, UI render/action tests, and one failure-path test for stale or missing retry policy data.","Gate behind a feature flag, support read-only mode first, document required permissions, and add rollback or disable instructions before enabling circuit breaker agentic-investigation broadly. | Gate behind a feature flag, support read-only mode first, document required permissions, and add rollback or disable instructions before enabling circuit breaker ai-triage broadly. | Gate behind a feature flag, support read-only mode first, document required permissions, and add rollback or disable instructions before enabling circuit breaker automation broadly. | Gate behind a feature flag, support read-only mode first, document required permissions, and add rollback or disable instructions before enabling circuit breaker health broadly. | Gate behind a feature flag, support read-only mode first, document required permissions, and add rollback or disable instructions before enabling circuit breaker inventory broadly. | Gate behind a feature flag, support read-only mode first, document required permissions, and add rollback or disable instructions before enabling circuit breaker operations broadly. | Gate behind a feature flag, support read-only mode first, document required permissions, and add rollback or disable instructions before enabling circuit breaker tests broadly. | Gate behind a feature flag, support read-only mode first, document required permissions, and add rollback or disable instructions before enabling retry policy agentic-investigation broadly. | +6 more","Document prerequisites, permissions, setup, known limits, common failure modes, triage commands, remediation approval path, and verification checks for circuit breaker. | Document prerequisites, permissions, setup, known limits, common failure modes, triage commands, remediation approval path, and verification checks for retry policy.","Given circuit breaker data exists, when the cost agentic-investigation workflow runs, then Mayyam stores evidence, shows status, explains gaps, and exposes API/UI tests for the happy path and one failure path. | Given circuit breaker data exists, when the cost ai-triage workflow runs, then Mayyam stores evidence, shows status, explains gaps, and exposes API/UI tests for the happy path and one failure path. | Given circuit breaker data exists, when the cost automation workflow runs, then Mayyam stores evidence, shows status, explains gaps, and exposes API/UI tests for the happy path and one failure path. | Given circuit breaker data exists, when the cost health workflow runs, then Mayyam stores evidence, shows status, explains gaps, and exposes API/UI tests for the happy path and one failure path. | +94 more","circuit breaker connector credentials, normalized resource identity, sync-run freshness, RBAC, audit logging | retry policy connector credentials, normalized resource identity, sync-run freshness, RBAC, audit logging",planned-gap,docs/product-roadmap/36-edge-api-service-mesh/feature-backlog.csv
MAJ-0300,"Edge, API, and Service Mesh",Resilience,timeout policy,"Edge, API, and Service Mesh: Resilience / timeout policy",P0,M1 inventory | M2 observable | M3 explainable | M4 interactive | M5 autonomous-assist,L | M | S,cost | disaster-recovery | operational-excellence | performance | resilience | scalability | security,agentic-investigation | ai-triage | automation | health | inventory | operations | tests,49,36-EDGE-API-SERVICE-MESH-00736,36-EDGE-API-SERVICE-MESH-00784,36-EDGE-API-SERVICE-MESH-00736 | 36-EDGE-API-SERVICE-MESH-00737 | 36-EDGE-API-SERVICE-MESH-00738 | 36-EDGE-API-SERVICE-MESH-00739 | 36-EDGE-API-SERVICE-MESH-00740 | 36-EDGE-API-SERVICE-MESH-00741 | 36-EDGE-API-SERVICE-MESH-00742 | 36-EDGE-API-SERVICE-MESH-00743 | 36-EDGE-API-SERVICE-MESH-00744 | 36-EDGE-API-SERVICE-MESH-00745 | 36-EDGE-API-SERVICE-MESH-00746 | 36-EDGE-API-SERVICE-MESH-00747 | 36-EDGE-API-SERVICE-MESH-00748 | 36-EDGE-API-SERVICE-MESH-00749 | 36-EDGE-API-SERVICE-MESH-00750 | 36-EDGE-API-SERVICE-MESH-00751 | 36-EDGE-API-SERVICE-MESH-00752 | 36-EDGE-API-SERVICE-MESH-00753 | 36-EDGE-API-SERVICE-MESH-00754 | 36-EDGE-API-SERVICE-MESH-00755 | 36-EDGE-API-SERVICE-MESH-00756 | 36-EDGE-API-SERVICE-MESH-00757 | 36-EDGE-API-SERVICE-MESH-00758 | 36-EDGE-API-SERVICE-MESH-00759 | 36-EDGE-API-SERVICE-MESH-00760 | 36-EDGE-API-SERVICE-MESH-00761 | 36-EDGE-API-SERVICE-MESH-00762 | 36-EDGE-API-SERVICE-MESH-00763 | 36-EDGE-API-SERVICE-MESH-00764 | 36-EDGE-API-SERVICE-MESH-00765 | 36-EDGE-API-SERVICE-MESH-00766 | 36-EDGE-API-SERVICE-MESH-00767 | 36-EDGE-API-SERVICE-MESH-00768 | 36-EDGE-API-SERVICE-MESH-00769 | 36-EDGE-API-SERVICE-MESH-00770 | 36-EDGE-API-SERVICE-MESH-00771 | 36-EDGE-API-SERVICE-MESH-00772 | 36-EDGE-API-SERVICE-MESH-00773 | 36-EDGE-API-SERVICE-MESH-00774 | 36-EDGE-API-SERVICE-MESH-00775 | 36-EDGE-API-SERVICE-MESH-00776 | 36-EDGE-API-SERVICE-MESH-00777 | 36-EDGE-API-SERVICE-MESH-00778 | 36-EDGE-API-SERVICE-MESH-00779 | 36-EDGE-API-SERVICE-MESH-00780 | 36-EDGE-API-SERVICE-MESH-00781 | 36-EDGE-API-SERVICE-MESH-00782 | 36-EDGE-API-SERVICE-MESH-00783 | 36-EDGE-API-SERVICE-MESH-00784,"Deliver the Resilience capability for timeout policy across 7 pillar(s) and 7 workstream(s), preserving the source acceptance criteria from 49 detailed backlog row(s).","Add collector, normalized model, repository methods, and freshness tracking for timeout policy. | Add context builder, prompt template, evidence citations, and LLM safety constraints for timeout policy. | Add deterministic evaluators, metrics ingestion, and explainable findings for timeout policy. | Add fixtures, fake clients, unit tests, and API contract tests for timeout policy. | Add runbook schema, scheduler hooks, history, and notification events for timeout policy. | Add tool registry, planner, execution trace, read-only default policy, token/time budgets, rollback plan schema, and stop conditions for timeout policy. | Add validated commands, dry-run support, RBAC checks, and audit records for timeout policy.","Add action menu, confirmations, diff previews, and result status for timeout policy. | Add component and e2e tests for timeout policy critical flows. | Add health badges, charts, timelines, and affected-object drilldowns for timeout policy. | Add investigation timeline, tool-call evidence, confidence labels, approval prompts, replay, and promote-to-runbook actions for timeout policy. | Add list/detail views, dependency graph, filters, and export for timeout policy. | Add runbook editor, schedule controls, history table, and owner assignment for timeout policy. | Add triage panel, follow-up prompts, saved notes, and feedback loop for timeout policy.","Expose authenticated API endpoints for Edge, API, and Service Mesh timeout policy agentic-investigation with pagination, freshness metadata, audit IDs, error codes, and export support. | Expose authenticated API endpoints for Edge, API, and Service Mesh timeout policy ai-triage with pagination, freshness metadata, audit IDs, error codes, and export support. | Expose authenticated API endpoints for Edge, API, and Service Mesh timeout policy automation with pagination, freshness metadata, audit IDs, error codes, and export support. | Expose authenticated API endpoints for Edge, API, and Service Mesh timeout policy health with pagination, freshness metadata, audit IDs, error codes, and export support. | Expose authenticated API endpoints for Edge, API, and Service Mesh timeout policy inventory with pagination, freshness metadata, audit IDs, error codes, and export support. | Expose authenticated API endpoints for Edge, API, and Service Mesh timeout policy operations with pagination, freshness metadata, audit IDs, error codes, and export support. | Expose authenticated API endpoints for Edge, API, and Service Mesh timeout policy tests with pagination, freshness metadata, audit IDs, error codes, and export support.","timeout-policy_cost_agentic-investigation evidence, score, finding, recommendation, owner, suppression, audit event | timeout-policy_cost_ai-triage evidence, score, finding, recommendation, owner, suppression, audit event | timeout-policy_cost_automation evidence, score, finding, recommendation, owner, suppression, audit event | timeout-policy_cost_health evidence, score, finding, recommendation, owner, suppression, audit event | timeout-policy_cost_inventory evidence, score, finding, recommendation, owner, suppression, audit event | timeout-policy_cost_operations evidence, score, finding, recommendation, owner, suppression, audit event | timeout-policy_cost_tests evidence, score, finding, recommendation, owner, suppression, audit event | timeout-policy_disaster-recovery_agentic-investigation evidence, score, finding, recommendation, owner, suppression, audit event | +41 more","Implement deterministic checks for timeout policy cost that can run without an LLM, emit reason codes, and preserve raw evidence.","Allow agentic investigation only through registered tools for timeout policy; read-only diagnostics are default, mutations require explicit approval, and every tool call is replayable.","Support inspect, compare, diagnose, dry-run, approve, execute, rollback-note, audit, and export workflows for timeout policy.","Identify savings opportunities for timeout policy, quantify estimated monthly impact, confidence, effort, risk, and verification steps.","Require RBAC, scoped credentials, rate limits, stale-data detection, blast-radius summary, suppression policy, and rollback or recovery notes for timeout policy.","Emit collection duration, freshness age, success/failure counts, rule evaluation count, AI/tool-call count when applicable, and user action audit metrics for timeout policy.","Add unit tests for evaluator logic, fixture tests for collected evidence, API contract tests, UI render/action tests, and one failure-path test for stale or missing timeout policy data.","Gate behind a feature flag, support read-only mode first, document required permissions, and add rollback or disable instructions before enabling timeout policy agentic-investigation broadly. | Gate behind a feature flag, support read-only mode first, document required permissions, and add rollback or disable instructions before enabling timeout policy ai-triage broadly. | Gate behind a feature flag, support read-only mode first, document required permissions, and add rollback or disable instructions before enabling timeout policy automation broadly. | Gate behind a feature flag, support read-only mode first, document required permissions, and add rollback or disable instructions before enabling timeout policy health broadly. | Gate behind a feature flag, support read-only mode first, document required permissions, and add rollback or disable instructions before enabling timeout policy inventory broadly. | Gate behind a feature flag, support read-only mode first, document required permissions, and add rollback or disable instructions before enabling timeout policy operations broadly. | Gate behind a feature flag, support read-only mode first, document required permissions, and add rollback or disable instructions before enabling timeout policy tests broadly.","Document prerequisites, permissions, setup, known limits, common failure modes, triage commands, remediation approval path, and verification checks for timeout policy.","Given timeout policy data exists, when the cost agentic-investigation workflow runs, then Mayyam stores evidence, shows status, explains gaps, and exposes API/UI tests for the happy path and one failure path. | Given timeout policy data exists, when the cost ai-triage workflow runs, then Mayyam stores evidence, shows status, explains gaps, and exposes API/UI tests for the happy path and one failure path. | Given timeout policy data exists, when the cost automation workflow runs, then Mayyam stores evidence, shows status, explains gaps, and exposes API/UI tests for the happy path and one failure path. | Given timeout policy data exists, when the cost health workflow runs, then Mayyam stores evidence, shows status, explains gaps, and exposes API/UI tests for the happy path and one failure path. | +45 more","timeout policy connector credentials, normalized resource identity, sync-run freshness, RBAC, audit logging",planned-gap,docs/product-roadmap/36-edge-api-service-mesh/feature-backlog.csv
MAJ-0301,"Edge, API, and Service Mesh",Security,auth policy | endpoint security,"Edge, API, and Service Mesh: Security / auth policy + endpoint security",P0,M1 inventory | M2 observable | M3 explainable | M4 interactive | M5 autonomous-assist,L | M | S,cost | disaster-recovery | operational-excellence | performance | resilience | scalability | security,agentic-investigation | ai-triage | automation | health | inventory | operations | tests,98,36-EDGE-API-SERVICE-MESH-00442,36-EDGE-API-SERVICE-MESH-01127,36-EDGE-API-SERVICE-MESH-00442 | 36-EDGE-API-SERVICE-MESH-00443 | 36-EDGE-API-SERVICE-MESH-00444 | 36-EDGE-API-SERVICE-MESH-00445 | 36-EDGE-API-SERVICE-MESH-00446 | 36-EDGE-API-SERVICE-MESH-00447 | 36-EDGE-API-SERVICE-MESH-00448 | 36-EDGE-API-SERVICE-MESH-00449 | 36-EDGE-API-SERVICE-MESH-00450 | 36-EDGE-API-SERVICE-MESH-00451 | 36-EDGE-API-SERVICE-MESH-00452 | 36-EDGE-API-SERVICE-MESH-00453 | 36-EDGE-API-SERVICE-MESH-00454 | 36-EDGE-API-SERVICE-MESH-00455 | 36-EDGE-API-SERVICE-MESH-00456 | 36-EDGE-API-SERVICE-MESH-00457 | 36-EDGE-API-SERVICE-MESH-00458 | 36-EDGE-API-SERVICE-MESH-00459 | 36-EDGE-API-SERVICE-MESH-00460 | 36-EDGE-API-SERVICE-MESH-00461 | 36-EDGE-API-SERVICE-MESH-00462 | 36-EDGE-API-SERVICE-MESH-00463 | 36-EDGE-API-SERVICE-MESH-00464 | 36-EDGE-API-SERVICE-MESH-00465 | 36-EDGE-API-SERVICE-MESH-00466 | 36-EDGE-API-SERVICE-MESH-00467 | 36-EDGE-API-SERVICE-MESH-00468 | 36-EDGE-API-SERVICE-MESH-00469 | 36-EDGE-API-SERVICE-MESH-00470 | 36-EDGE-API-SERVICE-MESH-00471 | 36-EDGE-API-SERVICE-MESH-00472 | 36-EDGE-API-SERVICE-MESH-00473 | 36-EDGE-API-SERVICE-MESH-00474 | 36-EDGE-API-SERVICE-MESH-00475 | 36-EDGE-API-SERVICE-MESH-00476 | 36-EDGE-API-SERVICE-MESH-00477 | 36-EDGE-API-SERVICE-MESH-00478 | 36-EDGE-API-SERVICE-MESH-00479 | 36-EDGE-API-SERVICE-MESH-00480 | 36-EDGE-API-SERVICE-MESH-00481 | 36-EDGE-API-SERVICE-MESH-00482 | 36-EDGE-API-SERVICE-MESH-00483 | 36-EDGE-API-SERVICE-MESH-00484 | 36-EDGE-API-SERVICE-MESH-00485 | 36-EDGE-API-SERVICE-MESH-00486 | 36-EDGE-API-SERVICE-MESH-00487 | 36-EDGE-API-SERVICE-MESH-00488 | 36-EDGE-API-SERVICE-MESH-00489 | 36-EDGE-API-SERVICE-MESH-00490 | 36-EDGE-API-SERVICE-MESH-01079 | 36-EDGE-API-SERVICE-MESH-01080 | 36-EDGE-API-SERVICE-MESH-01081 | 36-EDGE-API-SERVICE-MESH-01082 | 36-EDGE-API-SERVICE-MESH-01083 | 36-EDGE-API-SERVICE-MESH-01084 | 36-EDGE-API-SERVICE-MESH-01085 | 36-EDGE-API-SERVICE-MESH-01086 | 36-EDGE-API-SERVICE-MESH-01087 | 36-EDGE-API-SERVICE-MESH-01088 | 36-EDGE-API-SERVICE-MESH-01089 | 36-EDGE-API-SERVICE-MESH-01090 | 36-EDGE-API-SERVICE-MESH-01091 | 36-EDGE-API-SERVICE-MESH-01092 | 36-EDGE-API-SERVICE-MESH-01093 | 36-EDGE-API-SERVICE-MESH-01094 | 36-EDGE-API-SERVICE-MESH-01095 | 36-EDGE-API-SERVICE-MESH-01096 | 36-EDGE-API-SERVICE-MESH-01097 | 36-EDGE-API-SERVICE-MESH-01098 | 36-EDGE-API-SERVICE-MESH-01099 | 36-EDGE-API-SERVICE-MESH-01100 | 36-EDGE-API-SERVICE-MESH-01101 | 36-EDGE-API-SERVICE-MESH-01102 | 36-EDGE-API-SERVICE-MESH-01103 | 36-EDGE-API-SERVICE-MESH-01104 | 36-EDGE-API-SERVICE-MESH-01105 | 36-EDGE-API-SERVICE-MESH-01106 | 36-EDGE-API-SERVICE-MESH-01107 | 36-EDGE-API-SERVICE-MESH-01108 | 36-EDGE-API-SERVICE-MESH-01109 | 36-EDGE-API-SERVICE-MESH-01110 | 36-EDGE-API-SERVICE-MESH-01111 | 36-EDGE-API-SERVICE-MESH-01112 | 36-EDGE-API-SERVICE-MESH-01113 | 36-EDGE-API-SERVICE-MESH-01114 | 36-EDGE-API-SERVICE-MESH-01115 | 36-EDGE-API-SERVICE-MESH-01116 | 36-EDGE-API-SERVICE-MESH-01117 | 36-EDGE-API-SERVICE-MESH-01118 | 36-EDGE-API-SERVICE-MESH-01119 | 36-EDGE-API-SERVICE-MESH-01120 | 36-EDGE-API-SERVICE-MESH-01121 | 36-EDGE-API-SERVICE-MESH-01122 | 36-EDGE-API-SERVICE-MESH-01123 | 36-EDGE-API-SERVICE-MESH-01124 | 36-EDGE-API-SERVICE-MESH-01125 | 36-EDGE-API-SERVICE-MESH-01126 | 36-EDGE-API-SERVICE-MESH-01127,"Deliver the Security capability for auth policy + endpoint security across 7 pillar(s) and 7 workstream(s), preserving the source acceptance criteria from 98 detailed backlog row(s).","Add collector, normalized model, repository methods, and freshness tracking for auth policy. | Add collector, normalized model, repository methods, and freshness tracking for endpoint security. | Add context builder, prompt template, evidence citations, and LLM safety constraints for auth policy. | Add context builder, prompt template, evidence citations, and LLM safety constraints for endpoint security. | Add deterministic evaluators, metrics ingestion, and explainable findings for auth policy. | Add deterministic evaluators, metrics ingestion, and explainable findings for endpoint security. | Add fixtures, fake clients, unit tests, and API contract tests for auth policy. | Add fixtures, fake clients, unit tests, and API contract tests for endpoint security. | +6 more","Add action menu, confirmations, diff previews, and result status for auth policy. | Add action menu, confirmations, diff previews, and result status for endpoint security. | Add component and e2e tests for auth policy critical flows. | Add component and e2e tests for endpoint security critical flows. | Add health badges, charts, timelines, and affected-object drilldowns for auth policy. | Add health badges, charts, timelines, and affected-object drilldowns for endpoint security. | Add investigation timeline, tool-call evidence, confidence labels, approval prompts, replay, and promote-to-runbook actions for auth policy. | Add investigation timeline, tool-call evidence, confidence labels, approval prompts, replay, and promote-to-runbook actions for endpoint security. | +6 more","Expose authenticated API endpoints for Edge, API, and Service Mesh auth policy agentic-investigation with pagination, freshness metadata, audit IDs, error codes, and export support. | Expose authenticated API endpoints for Edge, API, and Service Mesh auth policy ai-triage with pagination, freshness metadata, audit IDs, error codes, and export support. | Expose authenticated API endpoints for Edge, API, and Service Mesh auth policy automation with pagination, freshness metadata, audit IDs, error codes, and export support. | Expose authenticated API endpoints for Edge, API, and Service Mesh auth policy health with pagination, freshness metadata, audit IDs, error codes, and export support. | Expose authenticated API endpoints for Edge, API, and Service Mesh auth policy inventory with pagination, freshness metadata, audit IDs, error codes, and export support. | Expose authenticated API endpoints for Edge, API, and Service Mesh auth policy operations with pagination, freshness metadata, audit IDs, error codes, and export support. | Expose authenticated API endpoints for Edge, API, and Service Mesh auth policy tests with pagination, freshness metadata, audit IDs, error codes, and export support. | Expose authenticated API endpoints for Edge, API, and Service Mesh endpoint security agentic-investigation with pagination, freshness metadata, audit IDs, error codes, and export support. | +6 more","auth-policy_cost_agentic-investigation evidence, score, finding, recommendation, owner, suppression, audit event | auth-policy_cost_ai-triage evidence, score, finding, recommendation, owner, suppression, audit event | auth-policy_cost_automation evidence, score, finding, recommendation, owner, suppression, audit event | auth-policy_cost_health evidence, score, finding, recommendation, owner, suppression, audit event | auth-policy_cost_inventory evidence, score, finding, recommendation, owner, suppression, audit event | auth-policy_cost_operations evidence, score, finding, recommendation, owner, suppression, audit event | auth-policy_cost_tests evidence, score, finding, recommendation, owner, suppression, audit event | auth-policy_disaster-recovery_agentic-investigation evidence, score, finding, recommendation, owner, suppression, audit event | +90 more","Implement deterministic checks for auth policy cost that can run without an LLM, emit reason codes, and preserve raw evidence.","Allow agentic investigation only through registered tools for auth policy; read-only diagnostics are default, mutations require explicit approval, and every tool call is replayable.","Support inspect, compare, diagnose, dry-run, approve, execute, rollback-note, audit, and export workflows for auth policy.","Identify savings opportunities for auth policy, quantify estimated monthly impact, confidence, effort, risk, and verification steps.","Require RBAC, scoped credentials, rate limits, stale-data detection, blast-radius summary, suppression policy, and rollback or recovery notes for auth policy.","Emit collection duration, freshness age, success/failure counts, rule evaluation count, AI/tool-call count when applicable, and user action audit metrics for auth policy. | Emit collection duration, freshness age, success/failure counts, rule evaluation count, AI/tool-call count when applicable, and user action audit metrics for endpoint security.","Add unit tests for evaluator logic, fixture tests for collected evidence, API contract tests, UI render/action tests, and one failure-path test for stale or missing auth policy data. | Add unit tests for evaluator logic, fixture tests for collected evidence, API contract tests, UI render/action tests, and one failure-path test for stale or missing endpoint security data.","Gate behind a feature flag, support read-only mode first, document required permissions, and add rollback or disable instructions before enabling auth policy agentic-investigation broadly. | Gate behind a feature flag, support read-only mode first, document required permissions, and add rollback or disable instructions before enabling auth policy ai-triage broadly. | Gate behind a feature flag, support read-only mode first, document required permissions, and add rollback or disable instructions before enabling auth policy automation broadly. | Gate behind a feature flag, support read-only mode first, document required permissions, and add rollback or disable instructions before enabling auth policy health broadly. | Gate behind a feature flag, support read-only mode first, document required permissions, and add rollback or disable instructions before enabling auth policy inventory broadly. | Gate behind a feature flag, support read-only mode first, document required permissions, and add rollback or disable instructions before enabling auth policy operations broadly. | Gate behind a feature flag, support read-only mode first, document required permissions, and add rollback or disable instructions before enabling auth policy tests broadly. | Gate behind a feature flag, support read-only mode first, document required permissions, and add rollback or disable instructions before enabling endpoint security agentic-investigation broadly. | +6 more","Document prerequisites, permissions, setup, known limits, common failure modes, triage commands, remediation approval path, and verification checks for auth policy. | Document prerequisites, permissions, setup, known limits, common failure modes, triage commands, remediation approval path, and verification checks for endpoint security.","Given auth policy data exists, when the cost agentic-investigation workflow runs, then Mayyam stores evidence, shows status, explains gaps, and exposes API/UI tests for the happy path and one failure path. | Given auth policy data exists, when the cost ai-triage workflow runs, then Mayyam stores evidence, shows status, explains gaps, and exposes API/UI tests for the happy path and one failure path. | Given auth policy data exists, when the cost automation workflow runs, then Mayyam stores evidence, shows status, explains gaps, and exposes API/UI tests for the happy path and one failure path. | Given auth policy data exists, when the cost health workflow runs, then Mayyam stores evidence, shows status, explains gaps, and exposes API/UI tests for the happy path and one failure path. | +94 more","auth policy connector credentials, normalized resource identity, sync-run freshness, RBAC, audit logging | endpoint security connector credentials, normalized resource identity, sync-run freshness, RBAC, audit logging",planned-gap,docs/product-roadmap/36-edge-api-service-mesh/feature-backlog.csv
MAJ-0302,"Edge, API, and Service Mesh",Security,mTLS posture | rate limit policy,"Edge, API, and Service Mesh: Security / mTLS posture + rate limit policy",P0,M1 inventory | M2 observable | M3 explainable | M4 interactive | M5 autonomous-assist,L | M | S,cost | disaster-recovery | operational-excellence | performance | resilience | scalability | security,agentic-investigation | ai-triage | automation | health | inventory | operations | tests,98,36-EDGE-API-SERVICE-MESH-00491,36-EDGE-API-SERVICE-MESH-00441,36-EDGE-API-SERVICE-MESH-00491 | 36-EDGE-API-SERVICE-MESH-00492 | 36-EDGE-API-SERVICE-MESH-00493 | 36-EDGE-API-SERVICE-MESH-00494 | 36-EDGE-API-SERVICE-MESH-00495 | 36-EDGE-API-SERVICE-MESH-00496 | 36-EDGE-API-SERVICE-MESH-00497 | 36-EDGE-API-SERVICE-MESH-00498 | 36-EDGE-API-SERVICE-MESH-00499 | 36-EDGE-API-SERVICE-MESH-00500 | 36-EDGE-API-SERVICE-MESH-00501 | 36-EDGE-API-SERVICE-MESH-00502 | 36-EDGE-API-SERVICE-MESH-00503 | 36-EDGE-API-SERVICE-MESH-00504 | 36-EDGE-API-SERVICE-MESH-00505 | 36-EDGE-API-SERVICE-MESH-00506 | 36-EDGE-API-SERVICE-MESH-00507 | 36-EDGE-API-SERVICE-MESH-00508 | 36-EDGE-API-SERVICE-MESH-00509 | 36-EDGE-API-SERVICE-MESH-00510 | 36-EDGE-API-SERVICE-MESH-00511 | 36-EDGE-API-SERVICE-MESH-00512 | 36-EDGE-API-SERVICE-MESH-00513 | 36-EDGE-API-SERVICE-MESH-00514 | 36-EDGE-API-SERVICE-MESH-00515 | 36-EDGE-API-SERVICE-MESH-00516 | 36-EDGE-API-SERVICE-MESH-00517 | 36-EDGE-API-SERVICE-MESH-00518 | 36-EDGE-API-SERVICE-MESH-00519 | 36-EDGE-API-SERVICE-MESH-00520 | 36-EDGE-API-SERVICE-MESH-00521 | 36-EDGE-API-SERVICE-MESH-00522 | 36-EDGE-API-SERVICE-MESH-00523 | 36-EDGE-API-SERVICE-MESH-00524 | 36-EDGE-API-SERVICE-MESH-00525 | 36-EDGE-API-SERVICE-MESH-00526 | 36-EDGE-API-SERVICE-MESH-00527 | 36-EDGE-API-SERVICE-MESH-00528 | 36-EDGE-API-SERVICE-MESH-00529 | 36-EDGE-API-SERVICE-MESH-00530 | 36-EDGE-API-SERVICE-MESH-00531 | 36-EDGE-API-SERVICE-MESH-00532 | 36-EDGE-API-SERVICE-MESH-00533 | 36-EDGE-API-SERVICE-MESH-00534 | 36-EDGE-API-SERVICE-MESH-00535 | 36-EDGE-API-SERVICE-MESH-00536 | 36-EDGE-API-SERVICE-MESH-00537 | 36-EDGE-API-SERVICE-MESH-00538 | 36-EDGE-API-SERVICE-MESH-00539 | 36-EDGE-API-SERVICE-MESH-00393 | 36-EDGE-API-SERVICE-MESH-00394 | 36-EDGE-API-SERVICE-MESH-00395 | 36-EDGE-API-SERVICE-MESH-00396 | 36-EDGE-API-SERVICE-MESH-00397 | 36-EDGE-API-SERVICE-MESH-00398 | 36-EDGE-API-SERVICE-MESH-00399 | 36-EDGE-API-SERVICE-MESH-00400 | 36-EDGE-API-SERVICE-MESH-00401 | 36-EDGE-API-SERVICE-MESH-00402 | 36-EDGE-API-SERVICE-MESH-00403 | 36-EDGE-API-SERVICE-MESH-00404 | 36-EDGE-API-SERVICE-MESH-00405 | 36-EDGE-API-SERVICE-MESH-00406 | 36-EDGE-API-SERVICE-MESH-00407 | 36-EDGE-API-SERVICE-MESH-00408 | 36-EDGE-API-SERVICE-MESH-00409 | 36-EDGE-API-SERVICE-MESH-00410 | 36-EDGE-API-SERVICE-MESH-00411 | 36-EDGE-API-SERVICE-MESH-00412 | 36-EDGE-API-SERVICE-MESH-00413 | 36-EDGE-API-SERVICE-MESH-00414 | 36-EDGE-API-SERVICE-MESH-00415 | 36-EDGE-API-SERVICE-MESH-00416 | 36-EDGE-API-SERVICE-MESH-00417 | 36-EDGE-API-SERVICE-MESH-00418 | 36-EDGE-API-SERVICE-MESH-00419 | 36-EDGE-API-SERVICE-MESH-00420 | 36-EDGE-API-SERVICE-MESH-00421 | 36-EDGE-API-SERVICE-MESH-00422 | 36-EDGE-API-SERVICE-MESH-00423 | 36-EDGE-API-SERVICE-MESH-00424 | 36-EDGE-API-SERVICE-MESH-00425 | 36-EDGE-API-SERVICE-MESH-00426 | 36-EDGE-API-SERVICE-MESH-00427 | 36-EDGE-API-SERVICE-MESH-00428 | 36-EDGE-API-SERVICE-MESH-00429 | 36-EDGE-API-SERVICE-MESH-00430 | 36-EDGE-API-SERVICE-MESH-00431 | 36-EDGE-API-SERVICE-MESH-00432 | 36-EDGE-API-SERVICE-MESH-00433 | 36-EDGE-API-SERVICE-MESH-00434 | 36-EDGE-API-SERVICE-MESH-00435 | 36-EDGE-API-SERVICE-MESH-00436 | 36-EDGE-API-SERVICE-MESH-00437 | 36-EDGE-API-SERVICE-MESH-00438 | 36-EDGE-API-SERVICE-MESH-00439 | 36-EDGE-API-SERVICE-MESH-00440 | 36-EDGE-API-SERVICE-MESH-00441,"Deliver the Security capability for mTLS posture + rate limit policy across 7 pillar(s) and 7 workstream(s), preserving the source acceptance criteria from 98 detailed backlog row(s).","Add collector, normalized model, repository methods, and freshness tracking for mTLS posture. | Add collector, normalized model, repository methods, and freshness tracking for rate limit policy. | Add context builder, prompt template, evidence citations, and LLM safety constraints for mTLS posture. | Add context builder, prompt template, evidence citations, and LLM safety constraints for rate limit policy. | Add deterministic evaluators, metrics ingestion, and explainable findings for mTLS posture. | Add deterministic evaluators, metrics ingestion, and explainable findings for rate limit policy. | Add fixtures, fake clients, unit tests, and API contract tests for mTLS posture. | Add fixtures, fake clients, unit tests, and API contract tests for rate limit policy. | +6 more","Add action menu, confirmations, diff previews, and result status for mTLS posture. | Add action menu, confirmations, diff previews, and result status for rate limit policy. | Add component and e2e tests for mTLS posture critical flows. | Add component and e2e tests for rate limit policy critical flows. | Add health badges, charts, timelines, and affected-object drilldowns for mTLS posture. | Add health badges, charts, timelines, and affected-object drilldowns for rate limit policy. | Add investigation timeline, tool-call evidence, confidence labels, approval prompts, replay, and promote-to-runbook actions for mTLS posture. | Add investigation timeline, tool-call evidence, confidence labels, approval prompts, replay, and promote-to-runbook actions for rate limit policy. | +6 more","Expose authenticated API endpoints for Edge, API, and Service Mesh mTLS posture agentic-investigation with pagination, freshness metadata, audit IDs, error codes, and export support. | Expose authenticated API endpoints for Edge, API, and Service Mesh mTLS posture ai-triage with pagination, freshness metadata, audit IDs, error codes, and export support. | Expose authenticated API endpoints for Edge, API, and Service Mesh mTLS posture automation with pagination, freshness metadata, audit IDs, error codes, and export support. | Expose authenticated API endpoints for Edge, API, and Service Mesh mTLS posture health with pagination, freshness metadata, audit IDs, error codes, and export support. | Expose authenticated API endpoints for Edge, API, and Service Mesh mTLS posture inventory with pagination, freshness metadata, audit IDs, error codes, and export support. | Expose authenticated API endpoints for Edge, API, and Service Mesh mTLS posture operations with pagination, freshness metadata, audit IDs, error codes, and export support. | Expose authenticated API endpoints for Edge, API, and Service Mesh mTLS posture tests with pagination, freshness metadata, audit IDs, error codes, and export support. | Expose authenticated API endpoints for Edge, API, and Service Mesh rate limit policy agentic-investigation with pagination, freshness metadata, audit IDs, error codes, and export support. | +6 more","mtls-posture_cost_agentic-investigation evidence, score, finding, recommendation, owner, suppression, audit event | mtls-posture_cost_ai-triage evidence, score, finding, recommendation, owner, suppression, audit event | mtls-posture_cost_automation evidence, score, finding, recommendation, owner, suppression, audit event | mtls-posture_cost_health evidence, score, finding, recommendation, owner, suppression, audit event | mtls-posture_cost_inventory evidence, score, finding, recommendation, owner, suppression, audit event | mtls-posture_cost_operations evidence, score, finding, recommendation, owner, suppression, audit event | mtls-posture_cost_tests evidence, score, finding, recommendation, owner, suppression, audit event | mtls-posture_disaster-recovery_agentic-investigation evidence, score, finding, recommendation, owner, suppression, audit event | +90 more","Implement deterministic checks for mTLS posture cost that can run without an LLM, emit reason codes, and preserve raw evidence.","Allow agentic investigation only through registered tools for mTLS posture; read-only diagnostics are default, mutations require explicit approval, and every tool call is replayable.","Support inspect, compare, diagnose, dry-run, approve, execute, rollback-note, audit, and export workflows for mTLS posture.","Identify savings opportunities for mTLS posture, quantify estimated monthly impact, confidence, effort, risk, and verification steps.","Require RBAC, scoped credentials, rate limits, stale-data detection, blast-radius summary, suppression policy, and rollback or recovery notes for mTLS posture.","Emit collection duration, freshness age, success/failure counts, rule evaluation count, AI/tool-call count when applicable, and user action audit metrics for mTLS posture. | Emit collection duration, freshness age, success/failure counts, rule evaluation count, AI/tool-call count when applicable, and user action audit metrics for rate limit policy.","Add unit tests for evaluator logic, fixture tests for collected evidence, API contract tests, UI render/action tests, and one failure-path test for stale or missing mTLS posture data. | Add unit tests for evaluator logic, fixture tests for collected evidence, API contract tests, UI render/action tests, and one failure-path test for stale or missing rate limit policy data.","Gate behind a feature flag, support read-only mode first, document required permissions, and add rollback or disable instructions before enabling mTLS posture agentic-investigation broadly. | Gate behind a feature flag, support read-only mode first, document required permissions, and add rollback or disable instructions before enabling mTLS posture ai-triage broadly. | Gate behind a feature flag, support read-only mode first, document required permissions, and add rollback or disable instructions before enabling mTLS posture automation broadly. | Gate behind a feature flag, support read-only mode first, document required permissions, and add rollback or disable instructions before enabling mTLS posture health broadly. | Gate behind a feature flag, support read-only mode first, document required permissions, and add rollback or disable instructions before enabling mTLS posture inventory broadly. | Gate behind a feature flag, support read-only mode first, document required permissions, and add rollback or disable instructions before enabling mTLS posture operations broadly. | Gate behind a feature flag, support read-only mode first, document required permissions, and add rollback or disable instructions before enabling mTLS posture tests broadly. | Gate behind a feature flag, support read-only mode first, document required permissions, and add rollback or disable instructions before enabling rate limit policy agentic-investigation broadly. | +6 more","Document prerequisites, permissions, setup, known limits, common failure modes, triage commands, remediation approval path, and verification checks for mTLS posture. | Document prerequisites, permissions, setup, known limits, common failure modes, triage commands, remediation approval path, and verification checks for rate limit policy.","Given mTLS posture data exists, when the cost agentic-investigation workflow runs, then Mayyam stores evidence, shows status, explains gaps, and exposes API/UI tests for the happy path and one failure path. | Given mTLS posture data exists, when the cost ai-triage workflow runs, then Mayyam stores evidence, shows status, explains gaps, and exposes API/UI tests for the happy path and one failure path. | Given mTLS posture data exists, when the cost automation workflow runs, then Mayyam stores evidence, shows status, explains gaps, and exposes API/UI tests for the happy path and one failure path. | Given mTLS posture data exists, when the cost health workflow runs, then Mayyam stores evidence, shows status, explains gaps, and exposes API/UI tests for the happy path and one failure path. | +94 more","mTLS posture connector credentials, normalized resource identity, sync-run freshness, RBAC, audit logging | rate limit policy connector credentials, normalized resource identity, sync-run freshness, RBAC, audit logging",planned-gap,docs/product-roadmap/36-edge-api-service-mesh/feature-backlog.csv
MAJ-0303,"Edge, API, and Service Mesh",Security,WAF policy,"Edge, API, and Service Mesh: Security / WAF policy",P0,M1 inventory | M2 observable | M3 explainable | M4 interactive | M5 autonomous-assist,L | M | S,cost | disaster-recovery | operational-excellence | performance | resilience | scalability | security,agentic-investigation | ai-triage | automation | health | inventory | operations | tests,49,36-EDGE-API-SERVICE-MESH-00344,36-EDGE-API-SERVICE-MESH-00392,36-EDGE-API-SERVICE-MESH-00344 | 36-EDGE-API-SERVICE-MESH-00345 | 36-EDGE-API-SERVICE-MESH-00346 | 36-EDGE-API-SERVICE-MESH-00347 | 36-EDGE-API-SERVICE-MESH-00348 | 36-EDGE-API-SERVICE-MESH-00349 | 36-EDGE-API-SERVICE-MESH-00350 | 36-EDGE-API-SERVICE-MESH-00351 | 36-EDGE-API-SERVICE-MESH-00352 | 36-EDGE-API-SERVICE-MESH-00353 | 36-EDGE-API-SERVICE-MESH-00354 | 36-EDGE-API-SERVICE-MESH-00355 | 36-EDGE-API-SERVICE-MESH-00356 | 36-EDGE-API-SERVICE-MESH-00357 | 36-EDGE-API-SERVICE-MESH-00358 | 36-EDGE-API-SERVICE-MESH-00359 | 36-EDGE-API-SERVICE-MESH-00360 | 36-EDGE-API-SERVICE-MESH-00361 | 36-EDGE-API-SERVICE-MESH-00362 | 36-EDGE-API-SERVICE-MESH-00363 | 36-EDGE-API-SERVICE-MESH-00364 | 36-EDGE-API-SERVICE-MESH-00365 | 36-EDGE-API-SERVICE-MESH-00366 | 36-EDGE-API-SERVICE-MESH-00367 | 36-EDGE-API-SERVICE-MESH-00368 | 36-EDGE-API-SERVICE-MESH-00369 | 36-EDGE-API-SERVICE-MESH-00370 | 36-EDGE-API-SERVICE-MESH-00371 | 36-EDGE-API-SERVICE-MESH-00372 | 36-EDGE-API-SERVICE-MESH-00373 | 36-EDGE-API-SERVICE-MESH-00374 | 36-EDGE-API-SERVICE-MESH-00375 | 36-EDGE-API-SERVICE-MESH-00376 | 36-EDGE-API-SERVICE-MESH-00377 | 36-EDGE-API-SERVICE-MESH-00378 | 36-EDGE-API-SERVICE-MESH-00379 | 36-EDGE-API-SERVICE-MESH-00380 | 36-EDGE-API-SERVICE-MESH-00381 | 36-EDGE-API-SERVICE-MESH-00382 | 36-EDGE-API-SERVICE-MESH-00383 | 36-EDGE-API-SERVICE-MESH-00384 | 36-EDGE-API-SERVICE-MESH-00385 | 36-EDGE-API-SERVICE-MESH-00386 | 36-EDGE-API-SERVICE-MESH-00387 | 36-EDGE-API-SERVICE-MESH-00388 | 36-EDGE-API-SERVICE-MESH-00389 | 36-EDGE-API-SERVICE-MESH-00390 | 36-EDGE-API-SERVICE-MESH-00391 | 36-EDGE-API-SERVICE-MESH-00392,"Deliver the Security capability for WAF policy across 7 pillar(s) and 7 workstream(s), preserving the source acceptance criteria from 49 detailed backlog row(s).","Add collector, normalized model, repository methods, and freshness tracking for WAF policy. | Add context builder, prompt template, evidence citations, and LLM safety constraints for WAF policy. | Add deterministic evaluators, metrics ingestion, and explainable findings for WAF policy. | Add fixtures, fake clients, unit tests, and API contract tests for WAF policy. | Add runbook schema, scheduler hooks, history, and notification events for WAF policy. | Add tool registry, planner, execution trace, read-only default policy, token/time budgets, rollback plan schema, and stop conditions for WAF policy. | Add validated commands, dry-run support, RBAC checks, and audit records for WAF policy.","Add action menu, confirmations, diff previews, and result status for WAF policy. | Add component and e2e tests for WAF policy critical flows. | Add health badges, charts, timelines, and affected-object drilldowns for WAF policy. | Add investigation timeline, tool-call evidence, confidence labels, approval prompts, replay, and promote-to-runbook actions for WAF policy. | Add list/detail views, dependency graph, filters, and export for WAF policy. | Add runbook editor, schedule controls, history table, and owner assignment for WAF policy. | Add triage panel, follow-up prompts, saved notes, and feedback loop for WAF policy.","Expose authenticated API endpoints for Edge, API, and Service Mesh WAF policy agentic-investigation with pagination, freshness metadata, audit IDs, error codes, and export support. | Expose authenticated API endpoints for Edge, API, and Service Mesh WAF policy ai-triage with pagination, freshness metadata, audit IDs, error codes, and export support. | Expose authenticated API endpoints for Edge, API, and Service Mesh WAF policy automation with pagination, freshness metadata, audit IDs, error codes, and export support. | Expose authenticated API endpoints for Edge, API, and Service Mesh WAF policy health with pagination, freshness metadata, audit IDs, error codes, and export support. | Expose authenticated API endpoints for Edge, API, and Service Mesh WAF policy inventory with pagination, freshness metadata, audit IDs, error codes, and export support. | Expose authenticated API endpoints for Edge, API, and Service Mesh WAF policy operations with pagination, freshness metadata, audit IDs, error codes, and export support. | Expose authenticated API endpoints for Edge, API, and Service Mesh WAF policy tests with pagination, freshness metadata, audit IDs, error codes, and export support.","waf-policy_cost_agentic-investigation evidence, score, finding, recommendation, owner, suppression, audit event | waf-policy_cost_ai-triage evidence, score, finding, recommendation, owner, suppression, audit event | waf-policy_cost_automation evidence, score, finding, recommendation, owner, suppression, audit event | waf-policy_cost_health evidence, score, finding, recommendation, owner, suppression, audit event | waf-policy_cost_inventory evidence, score, finding, recommendation, owner, suppression, audit event | waf-policy_cost_operations evidence, score, finding, recommendation, owner, suppression, audit event | waf-policy_cost_tests evidence, score, finding, recommendation, owner, suppression, audit event | waf-policy_disaster-recovery_agentic-investigation evidence, score, finding, recommendation, owner, suppression, audit event | +41 more","Implement deterministic checks for WAF policy cost that can run without an LLM, emit reason codes, and preserve raw evidence.","Allow agentic investigation only through registered tools for WAF policy; read-only diagnostics are default, mutations require explicit approval, and every tool call is replayable.","Support inspect, compare, diagnose, dry-run, approve, execute, rollback-note, audit, and export workflows for WAF policy.","Identify savings opportunities for WAF policy, quantify estimated monthly impact, confidence, effort, risk, and verification steps.","Require RBAC, scoped credentials, rate limits, stale-data detection, blast-radius summary, suppression policy, and rollback or recovery notes for WAF policy.","Emit collection duration, freshness age, success/failure counts, rule evaluation count, AI/tool-call count when applicable, and user action audit metrics for WAF policy.","Add unit tests for evaluator logic, fixture tests for collected evidence, API contract tests, UI render/action tests, and one failure-path test for stale or missing WAF policy data.","Gate behind a feature flag, support read-only mode first, document required permissions, and add rollback or disable instructions before enabling WAF policy agentic-investigation broadly. | Gate behind a feature flag, support read-only mode first, document required permissions, and add rollback or disable instructions before enabling WAF policy ai-triage broadly. | Gate behind a feature flag, support read-only mode first, document required permissions, and add rollback or disable instructions before enabling WAF policy automation broadly. | Gate behind a feature flag, support read-only mode first, document required permissions, and add rollback or disable instructions before enabling WAF policy health broadly. | Gate behind a feature flag, support read-only mode first, document required permissions, and add rollback or disable instructions before enabling WAF policy inventory broadly. | Gate behind a feature flag, support read-only mode first, document required permissions, and add rollback or disable instructions before enabling WAF policy operations broadly. | Gate behind a feature flag, support read-only mode first, document required permissions, and add rollback or disable instructions before enabling WAF policy tests broadly.","Document prerequisites, permissions, setup, known limits, common failure modes, triage commands, remediation approval path, and verification checks for WAF policy.","Given WAF policy data exists, when the cost agentic-investigation workflow runs, then Mayyam stores evidence, shows status, explains gaps, and exposes API/UI tests for the happy path and one failure path. | Given WAF policy data exists, when the cost ai-triage workflow runs, then Mayyam stores evidence, shows status, explains gaps, and exposes API/UI tests for the happy path and one failure path. | Given WAF policy data exists, when the cost automation workflow runs, then Mayyam stores evidence, shows status, explains gaps, and exposes API/UI tests for the happy path and one failure path. | Given WAF policy data exists, when the cost health workflow runs, then Mayyam stores evidence, shows status, explains gaps, and exposes API/UI tests for the happy path and one failure path. | +45 more","WAF policy connector credentials, normalized resource identity, sync-run freshness, RBAC, audit logging",planned-gap,docs/product-roadmap/36-edge-api-service-mesh/feature-backlog.csv
MAJ-0304,"Edge, API, and Service Mesh",Service Mesh,mesh latency,"Edge, API, and Service Mesh: Service Mesh / mesh latency",P0,M1 inventory | M2 observable | M3 explainable | M4 interactive | M5 autonomous-assist,L | M | S,cost | disaster-recovery | operational-excellence | performance | resilience | scalability | security,agentic-investigation | ai-triage | automation | health | inventory | operations | tests,49,36-EDGE-API-SERVICE-MESH-01030,36-EDGE-API-SERVICE-MESH-01078,36-EDGE-API-SERVICE-MESH-01030 | 36-EDGE-API-SERVICE-MESH-01031 | 36-EDGE-API-SERVICE-MESH-01032 | 36-EDGE-API-SERVICE-MESH-01033 | 36-EDGE-API-SERVICE-MESH-01034 | 36-EDGE-API-SERVICE-MESH-01035 | 36-EDGE-API-SERVICE-MESH-01036 | 36-EDGE-API-SERVICE-MESH-01037 | 36-EDGE-API-SERVICE-MESH-01038 | 36-EDGE-API-SERVICE-MESH-01039 | 36-EDGE-API-SERVICE-MESH-01040 | 36-EDGE-API-SERVICE-MESH-01041 | 36-EDGE-API-SERVICE-MESH-01042 | 36-EDGE-API-SERVICE-MESH-01043 | 36-EDGE-API-SERVICE-MESH-01044 | 36-EDGE-API-SERVICE-MESH-01045 | 36-EDGE-API-SERVICE-MESH-01046 | 36-EDGE-API-SERVICE-MESH-01047 | 36-EDGE-API-SERVICE-MESH-01048 | 36-EDGE-API-SERVICE-MESH-01049 | 36-EDGE-API-SERVICE-MESH-01050 | 36-EDGE-API-SERVICE-MESH-01051 | 36-EDGE-API-SERVICE-MESH-01052 | 36-EDGE-API-SERVICE-MESH-01053 | 36-EDGE-API-SERVICE-MESH-01054 | 36-EDGE-API-SERVICE-MESH-01055 | 36-EDGE-API-SERVICE-MESH-01056 | 36-EDGE-API-SERVICE-MESH-01057 | 36-EDGE-API-SERVICE-MESH-01058 | 36-EDGE-API-SERVICE-MESH-01059 | 36-EDGE-API-SERVICE-MESH-01060 | 36-EDGE-API-SERVICE-MESH-01061 | 36-EDGE-API-SERVICE-MESH-01062 | 36-EDGE-API-SERVICE-MESH-01063 | 36-EDGE-API-SERVICE-MESH-01064 | 36-EDGE-API-SERVICE-MESH-01065 | 36-EDGE-API-SERVICE-MESH-01066 | 36-EDGE-API-SERVICE-MESH-01067 | 36-EDGE-API-SERVICE-MESH-01068 | 36-EDGE-API-SERVICE-MESH-01069 | 36-EDGE-API-SERVICE-MESH-01070 | 36-EDGE-API-SERVICE-MESH-01071 | 36-EDGE-API-SERVICE-MESH-01072 | 36-EDGE-API-SERVICE-MESH-01073 | 36-EDGE-API-SERVICE-MESH-01074 | 36-EDGE-API-SERVICE-MESH-01075 | 36-EDGE-API-SERVICE-MESH-01076 | 36-EDGE-API-SERVICE-MESH-01077 | 36-EDGE-API-SERVICE-MESH-01078,"Deliver the Service Mesh capability for mesh latency across 7 pillar(s) and 7 workstream(s), preserving the source acceptance criteria from 49 detailed backlog row(s).","Add collector, normalized model, repository methods, and freshness tracking for mesh latency. | Add context builder, prompt template, evidence citations, and LLM safety constraints for mesh latency. | Add deterministic evaluators, metrics ingestion, and explainable findings for mesh latency. | Add fixtures, fake clients, unit tests, and API contract tests for mesh latency. | Add runbook schema, scheduler hooks, history, and notification events for mesh latency. | Add tool registry, planner, execution trace, read-only default policy, token/time budgets, rollback plan schema, and stop conditions for mesh latency. | Add validated commands, dry-run support, RBAC checks, and audit records for mesh latency.","Add action menu, confirmations, diff previews, and result status for mesh latency. | Add component and e2e tests for mesh latency critical flows. | Add health badges, charts, timelines, and affected-object drilldowns for mesh latency. | Add investigation timeline, tool-call evidence, confidence labels, approval prompts, replay, and promote-to-runbook actions for mesh latency. | Add list/detail views, dependency graph, filters, and export for mesh latency. | Add runbook editor, schedule controls, history table, and owner assignment for mesh latency. | Add triage panel, follow-up prompts, saved notes, and feedback loop for mesh latency.","Expose authenticated API endpoints for Edge, API, and Service Mesh mesh latency agentic-investigation with pagination, freshness metadata, audit IDs, error codes, and export support. | Expose authenticated API endpoints for Edge, API, and Service Mesh mesh latency ai-triage with pagination, freshness metadata, audit IDs, error codes, and export support. | Expose authenticated API endpoints for Edge, API, and Service Mesh mesh latency automation with pagination, freshness metadata, audit IDs, error codes, and export support. | Expose authenticated API endpoints for Edge, API, and Service Mesh mesh latency health with pagination, freshness metadata, audit IDs, error codes, and export support. | Expose authenticated API endpoints for Edge, API, and Service Mesh mesh latency inventory with pagination, freshness metadata, audit IDs, error codes, and export support. | Expose authenticated API endpoints for Edge, API, and Service Mesh mesh latency operations with pagination, freshness metadata, audit IDs, error codes, and export support. | Expose authenticated API endpoints for Edge, API, and Service Mesh mesh latency tests with pagination, freshness metadata, audit IDs, error codes, and export support.","mesh-latency_cost_agentic-investigation evidence, score, finding, recommendation, owner, suppression, audit event | mesh-latency_cost_ai-triage evidence, score, finding, recommendation, owner, suppression, audit event | mesh-latency_cost_automation evidence, score, finding, recommendation, owner, suppression, audit event | mesh-latency_cost_health evidence, score, finding, recommendation, owner, suppression, audit event | mesh-latency_cost_inventory evidence, score, finding, recommendation, owner, suppression, audit event | mesh-latency_cost_operations evidence, score, finding, recommendation, owner, suppression, audit event | mesh-latency_cost_tests evidence, score, finding, recommendation, owner, suppression, audit event | mesh-latency_disaster-recovery_agentic-investigation evidence, score, finding, recommendation, owner, suppression, audit event | +41 more","Implement deterministic checks for mesh latency cost that can run without an LLM, emit reason codes, and preserve raw evidence.","Allow agentic investigation only through registered tools for mesh latency; read-only diagnostics are default, mutations require explicit approval, and every tool call is replayable.","Support inspect, compare, diagnose, dry-run, approve, execute, rollback-note, audit, and export workflows for mesh latency.","Identify savings opportunities for mesh latency, quantify estimated monthly impact, confidence, effort, risk, and verification steps.","Require RBAC, scoped credentials, rate limits, stale-data detection, blast-radius summary, suppression policy, and rollback or recovery notes for mesh latency.","Emit collection duration, freshness age, success/failure counts, rule evaluation count, AI/tool-call count when applicable, and user action audit metrics for mesh latency.","Add unit tests for evaluator logic, fixture tests for collected evidence, API contract tests, UI render/action tests, and one failure-path test for stale or missing mesh latency data.","Gate behind a feature flag, support read-only mode first, document required permissions, and add rollback or disable instructions before enabling mesh latency agentic-investigation broadly. | Gate behind a feature flag, support read-only mode first, document required permissions, and add rollback or disable instructions before enabling mesh latency ai-triage broadly. | Gate behind a feature flag, support read-only mode first, document required permissions, and add rollback or disable instructions before enabling mesh latency automation broadly. | Gate behind a feature flag, support read-only mode first, document required permissions, and add rollback or disable instructions before enabling mesh latency health broadly. | Gate behind a feature flag, support read-only mode first, document required permissions, and add rollback or disable instructions before enabling mesh latency inventory broadly. | Gate behind a feature flag, support read-only mode first, document required permissions, and add rollback or disable instructions before enabling mesh latency operations broadly. | Gate behind a feature flag, support read-only mode first, document required permissions, and add rollback or disable instructions before enabling mesh latency tests broadly.","Document prerequisites, permissions, setup, known limits, common failure modes, triage commands, remediation approval path, and verification checks for mesh latency.","Given mesh latency data exists, when the cost agentic-investigation workflow runs, then Mayyam stores evidence, shows status, explains gaps, and exposes API/UI tests for the happy path and one failure path. | Given mesh latency data exists, when the cost ai-triage workflow runs, then Mayyam stores evidence, shows status, explains gaps, and exposes API/UI tests for the happy path and one failure path. | Given mesh latency data exists, when the cost automation workflow runs, then Mayyam stores evidence, shows status, explains gaps, and exposes API/UI tests for the happy path and one failure path. | Given mesh latency data exists, when the cost health workflow runs, then Mayyam stores evidence, shows status, explains gaps, and exposes API/UI tests for the happy path and one failure path. | +45 more","mesh latency connector credentials, normalized resource identity, sync-run freshness, RBAC, audit logging",planned-gap,docs/product-roadmap/36-edge-api-service-mesh/feature-backlog.csv
MAJ-0305,"Edge, API, and Service Mesh",TLS,certificate binding,"Edge, API, and Service Mesh: TLS / certificate binding",P0,M1 inventory | M2 observable | M3 explainable | M4 interactive | M5 autonomous-assist,L | M | S,cost | disaster-recovery | operational-excellence | performance | resilience | scalability | security,agentic-investigation | ai-triage | automation | health | inventory | operations | tests,49,36-EDGE-API-SERVICE-MESH-00834,36-EDGE-API-SERVICE-MESH-00882,36-EDGE-API-SERVICE-MESH-00834 | 36-EDGE-API-SERVICE-MESH-00835 | 36-EDGE-API-SERVICE-MESH-00836 | 36-EDGE-API-SERVICE-MESH-00837 | 36-EDGE-API-SERVICE-MESH-00838 | 36-EDGE-API-SERVICE-MESH-00839 | 36-EDGE-API-SERVICE-MESH-00840 | 36-EDGE-API-SERVICE-MESH-00841 | 36-EDGE-API-SERVICE-MESH-00842 | 36-EDGE-API-SERVICE-MESH-00843 | 36-EDGE-API-SERVICE-MESH-00844 | 36-EDGE-API-SERVICE-MESH-00845 | 36-EDGE-API-SERVICE-MESH-00846 | 36-EDGE-API-SERVICE-MESH-00847 | 36-EDGE-API-SERVICE-MESH-00848 | 36-EDGE-API-SERVICE-MESH-00849 | 36-EDGE-API-SERVICE-MESH-00850 | 36-EDGE-API-SERVICE-MESH-00851 | 36-EDGE-API-SERVICE-MESH-00852 | 36-EDGE-API-SERVICE-MESH-00853 | 36-EDGE-API-SERVICE-MESH-00854 | 36-EDGE-API-SERVICE-MESH-00855 | 36-EDGE-API-SERVICE-MESH-00856 | 36-EDGE-API-SERVICE-MESH-00857 | 36-EDGE-API-SERVICE-MESH-00858 | 36-EDGE-API-SERVICE-MESH-00859 | 36-EDGE-API-SERVICE-MESH-00860 | 36-EDGE-API-SERVICE-MESH-00861 | 36-EDGE-API-SERVICE-MESH-00862 | 36-EDGE-API-SERVICE-MESH-00863 | 36-EDGE-API-SERVICE-MESH-00864 | 36-EDGE-API-SERVICE-MESH-00865 | 36-EDGE-API-SERVICE-MESH-00866 | 36-EDGE-API-SERVICE-MESH-00867 | 36-EDGE-API-SERVICE-MESH-00868 | 36-EDGE-API-SERVICE-MESH-00869 | 36-EDGE-API-SERVICE-MESH-00870 | 36-EDGE-API-SERVICE-MESH-00871 | 36-EDGE-API-SERVICE-MESH-00872 | 36-EDGE-API-SERVICE-MESH-00873 | 36-EDGE-API-SERVICE-MESH-00874 | 36-EDGE-API-SERVICE-MESH-00875 | 36-EDGE-API-SERVICE-MESH-00876 | 36-EDGE-API-SERVICE-MESH-00877 | 36-EDGE-API-SERVICE-MESH-00878 | 36-EDGE-API-SERVICE-MESH-00879 | 36-EDGE-API-SERVICE-MESH-00880 | 36-EDGE-API-SERVICE-MESH-00881 | 36-EDGE-API-SERVICE-MESH-00882,"Deliver the TLS capability for certificate binding across 7 pillar(s) and 7 workstream(s), preserving the source acceptance criteria from 49 detailed backlog row(s).","Add collector, normalized model, repository methods, and freshness tracking for certificate binding. | Add context builder, prompt template, evidence citations, and LLM safety constraints for certificate binding. | Add deterministic evaluators, metrics ingestion, and explainable findings for certificate binding. | Add fixtures, fake clients, unit tests, and API contract tests for certificate binding. | Add runbook schema, scheduler hooks, history, and notification events for certificate binding. | Add tool registry, planner, execution trace, read-only default policy, token/time budgets, rollback plan schema, and stop conditions for certificate binding. | Add validated commands, dry-run support, RBAC checks, and audit records for certificate binding.","Add action menu, confirmations, diff previews, and result status for certificate binding. | Add component and e2e tests for certificate binding critical flows. | Add health badges, charts, timelines, and affected-object drilldowns for certificate binding. | Add investigation timeline, tool-call evidence, confidence labels, approval prompts, replay, and promote-to-runbook actions for certificate binding. | Add list/detail views, dependency graph, filters, and export for certificate binding. | Add runbook editor, schedule controls, history table, and owner assignment for certificate binding. | Add triage panel, follow-up prompts, saved notes, and feedback loop for certificate binding.","Expose authenticated API endpoints for Edge, API, and Service Mesh certificate binding agentic-investigation with pagination, freshness metadata, audit IDs, error codes, and export support. | Expose authenticated API endpoints for Edge, API, and Service Mesh certificate binding ai-triage with pagination, freshness metadata, audit IDs, error codes, and export support. | Expose authenticated API endpoints for Edge, API, and Service Mesh certificate binding automation with pagination, freshness metadata, audit IDs, error codes, and export support. | Expose authenticated API endpoints for Edge, API, and Service Mesh certificate binding health with pagination, freshness metadata, audit IDs, error codes, and export support. | Expose authenticated API endpoints for Edge, API, and Service Mesh certificate binding inventory with pagination, freshness metadata, audit IDs, error codes, and export support. | Expose authenticated API endpoints for Edge, API, and Service Mesh certificate binding operations with pagination, freshness metadata, audit IDs, error codes, and export support. | Expose authenticated API endpoints for Edge, API, and Service Mesh certificate binding tests with pagination, freshness metadata, audit IDs, error codes, and export support.","certificate-binding_cost_agentic-investigation evidence, score, finding, recommendation, owner, suppression, audit event | certificate-binding_cost_ai-triage evidence, score, finding, recommendation, owner, suppression, audit event | certificate-binding_cost_automation evidence, score, finding, recommendation, owner, suppression, audit event | certificate-binding_cost_health evidence, score, finding, recommendation, owner, suppression, audit event | certificate-binding_cost_inventory evidence, score, finding, recommendation, owner, suppression, audit event | certificate-binding_cost_operations evidence, score, finding, recommendation, owner, suppression, audit event | certificate-binding_cost_tests evidence, score, finding, recommendation, owner, suppression, audit event | certificate-binding_disaster-recovery_agentic-investigation evidence, score, finding, recommendation, owner, suppression, audit event | +41 more","Implement deterministic checks for certificate binding cost that can run without an LLM, emit reason codes, and preserve raw evidence.","Allow agentic investigation only through registered tools for certificate binding; read-only diagnostics are default, mutations require explicit approval, and every tool call is replayable.","Support inspect, compare, diagnose, dry-run, approve, execute, rollback-note, audit, and export workflows for certificate binding.","Identify savings opportunities for certificate binding, quantify estimated monthly impact, confidence, effort, risk, and verification steps.","Require RBAC, scoped credentials, rate limits, stale-data detection, blast-radius summary, suppression policy, and rollback or recovery notes for certificate binding.","Emit collection duration, freshness age, success/failure counts, rule evaluation count, AI/tool-call count when applicable, and user action audit metrics for certificate binding.","Add unit tests for evaluator logic, fixture tests for collected evidence, API contract tests, UI render/action tests, and one failure-path test for stale or missing certificate binding data.","Gate behind a feature flag, support read-only mode first, document required permissions, and add rollback or disable instructions before enabling certificate binding agentic-investigation broadly. | Gate behind a feature flag, support read-only mode first, document required permissions, and add rollback or disable instructions before enabling certificate binding ai-triage broadly. | Gate behind a feature flag, support read-only mode first, document required permissions, and add rollback or disable instructions before enabling certificate binding automation broadly. | Gate behind a feature flag, support read-only mode first, document required permissions, and add rollback or disable instructions before enabling certificate binding health broadly. | Gate behind a feature flag, support read-only mode first, document required permissions, and add rollback or disable instructions before enabling certificate binding inventory broadly. | Gate behind a feature flag, support read-only mode first, document required permissions, and add rollback or disable instructions before enabling certificate binding operations broadly. | Gate behind a feature flag, support read-only mode first, document required permissions, and add rollback or disable instructions before enabling certificate binding tests broadly.","Document prerequisites, permissions, setup, known limits, common failure modes, triage commands, remediation approval path, and verification checks for certificate binding.","Given certificate binding data exists, when the cost agentic-investigation workflow runs, then Mayyam stores evidence, shows status, explains gaps, and exposes API/UI tests for the happy path and one failure path. | Given certificate binding data exists, when the cost ai-triage workflow runs, then Mayyam stores evidence, shows status, explains gaps, and exposes API/UI tests for the happy path and one failure path. | Given certificate binding data exists, when the cost automation workflow runs, then Mayyam stores evidence, shows status, explains gaps, and exposes API/UI tests for the happy path and one failure path. | Given certificate binding data exists, when the cost health workflow runs, then Mayyam stores evidence, shows status, explains gaps, and exposes API/UI tests for the happy path and one failure path. | +45 more","certificate binding connector credentials, normalized resource identity, sync-run freshness, RBAC, audit logging",planned-gap,docs/product-roadmap/36-edge-api-service-mesh/feature-backlog.csv
MAJ-0306,"Edge, API, and Service Mesh",Traffic,canary routing | traffic shifting,"Edge, API, and Service Mesh: Traffic / canary routing + traffic shifting",P0,M1 inventory | M2 observable | M3 explainable | M4 interactive | M5 autonomous-assist,L | M | S,cost | disaster-recovery | operational-excellence | performance | resilience | scalability | security,agentic-investigation | ai-triage | automation | health | inventory | operations | tests,98,36-EDGE-API-SERVICE-MESH-00540,36-EDGE-API-SERVICE-MESH-00637,36-EDGE-API-SERVICE-MESH-00540 | 36-EDGE-API-SERVICE-MESH-00541 | 36-EDGE-API-SERVICE-MESH-00542 | 36-EDGE-API-SERVICE-MESH-00543 | 36-EDGE-API-SERVICE-MESH-00544 | 36-EDGE-API-SERVICE-MESH-00545 | 36-EDGE-API-SERVICE-MESH-00546 | 36-EDGE-API-SERVICE-MESH-00547 | 36-EDGE-API-SERVICE-MESH-00548 | 36-EDGE-API-SERVICE-MESH-00549 | 36-EDGE-API-SERVICE-MESH-00550 | 36-EDGE-API-SERVICE-MESH-00551 | 36-EDGE-API-SERVICE-MESH-00552 | 36-EDGE-API-SERVICE-MESH-00553 | 36-EDGE-API-SERVICE-MESH-00554 | 36-EDGE-API-SERVICE-MESH-00555 | 36-EDGE-API-SERVICE-MESH-00556 | 36-EDGE-API-SERVICE-MESH-00557 | 36-EDGE-API-SERVICE-MESH-00558 | 36-EDGE-API-SERVICE-MESH-00559 | 36-EDGE-API-SERVICE-MESH-00560 | 36-EDGE-API-SERVICE-MESH-00561 | 36-EDGE-API-SERVICE-MESH-00562 | 36-EDGE-API-SERVICE-MESH-00563 | 36-EDGE-API-SERVICE-MESH-00564 | 36-EDGE-API-SERVICE-MESH-00565 | 36-EDGE-API-SERVICE-MESH-00566 | 36-EDGE-API-SERVICE-MESH-00567 | 36-EDGE-API-SERVICE-MESH-00568 | 36-EDGE-API-SERVICE-MESH-00569 | 36-EDGE-API-SERVICE-MESH-00570 | 36-EDGE-API-SERVICE-MESH-00571 | 36-EDGE-API-SERVICE-MESH-00572 | 36-EDGE-API-SERVICE-MESH-00573 | 36-EDGE-API-SERVICE-MESH-00574 | 36-EDGE-API-SERVICE-MESH-00575 | 36-EDGE-API-SERVICE-MESH-00576 | 36-EDGE-API-SERVICE-MESH-00577 | 36-EDGE-API-SERVICE-MESH-00578 | 36-EDGE-API-SERVICE-MESH-00579 | 36-EDGE-API-SERVICE-MESH-00580 | 36-EDGE-API-SERVICE-MESH-00581 | 36-EDGE-API-SERVICE-MESH-00582 | 36-EDGE-API-SERVICE-MESH-00583 | 36-EDGE-API-SERVICE-MESH-00584 | 36-EDGE-API-SERVICE-MESH-00585 | 36-EDGE-API-SERVICE-MESH-00586 | 36-EDGE-API-SERVICE-MESH-00587 | 36-EDGE-API-SERVICE-MESH-00588 | 36-EDGE-API-SERVICE-MESH-00589 | 36-EDGE-API-SERVICE-MESH-00590 | 36-EDGE-API-SERVICE-MESH-00591 | 36-EDGE-API-SERVICE-MESH-00592 | 36-EDGE-API-SERVICE-MESH-00593 | 36-EDGE-API-SERVICE-MESH-00594 | 36-EDGE-API-SERVICE-MESH-00595 | 36-EDGE-API-SERVICE-MESH-00596 | 36-EDGE-API-SERVICE-MESH-00597 | 36-EDGE-API-SERVICE-MESH-00598 | 36-EDGE-API-SERVICE-MESH-00599 | 36-EDGE-API-SERVICE-MESH-00600 | 36-EDGE-API-SERVICE-MESH-00601 | 36-EDGE-API-SERVICE-MESH-00602 | 36-EDGE-API-SERVICE-MESH-00603 | 36-EDGE-API-SERVICE-MESH-00604 | 36-EDGE-API-SERVICE-MESH-00605 | 36-EDGE-API-SERVICE-MESH-00606 | 36-EDGE-API-SERVICE-MESH-00607 | 36-EDGE-API-SERVICE-MESH-00608 | 36-EDGE-API-SERVICE-MESH-00609 | 36-EDGE-API-SERVICE-MESH-00610 | 36-EDGE-API-SERVICE-MESH-00611 | 36-EDGE-API-SERVICE-MESH-00612 | 36-EDGE-API-SERVICE-MESH-00613 | 36-EDGE-API-SERVICE-MESH-00614 | 36-EDGE-API-SERVICE-MESH-00615 | 36-EDGE-API-SERVICE-MESH-00616 | 36-EDGE-API-SERVICE-MESH-00617 | 36-EDGE-API-SERVICE-MESH-00618 | 36-EDGE-API-SERVICE-MESH-00619 | 36-EDGE-API-SERVICE-MESH-00620 | 36-EDGE-API-SERVICE-MESH-00621 | 36-EDGE-API-SERVICE-MESH-00622 | 36-EDGE-API-SERVICE-MESH-00623 | 36-EDGE-API-SERVICE-MESH-00624 | 36-EDGE-API-SERVICE-MESH-00625 | 36-EDGE-API-SERVICE-MESH-00626 | 36-EDGE-API-SERVICE-MESH-00627 | 36-EDGE-API-SERVICE-MESH-00628 | 36-EDGE-API-SERVICE-MESH-00629 | 36-EDGE-API-SERVICE-MESH-00630 | 36-EDGE-API-SERVICE-MESH-00631 | 36-EDGE-API-SERVICE-MESH-00632 | 36-EDGE-API-SERVICE-MESH-00633 | 36-EDGE-API-SERVICE-MESH-00634 | 36-EDGE-API-SERVICE-MESH-00635 | 36-EDGE-API-SERVICE-MESH-00636 | 36-EDGE-API-SERVICE-MESH-00637,"Deliver the Traffic capability for canary routing + traffic shifting across 7 pillar(s) and 7 workstream(s), preserving the source acceptance criteria from 98 detailed backlog row(s).","Add collector, normalized model, repository methods, and freshness tracking for canary routing. | Add collector, normalized model, repository methods, and freshness tracking for traffic shifting. | Add context builder, prompt template, evidence citations, and LLM safety constraints for canary routing. | Add context builder, prompt template, evidence citations, and LLM safety constraints for traffic shifting. | Add deterministic evaluators, metrics ingestion, and explainable findings for canary routing. | Add deterministic evaluators, metrics ingestion, and explainable findings for traffic shifting. | Add fixtures, fake clients, unit tests, and API contract tests for canary routing. | Add fixtures, fake clients, unit tests, and API contract tests for traffic shifting. | +6 more","Add action menu, confirmations, diff previews, and result status for canary routing. | Add action menu, confirmations, diff previews, and result status for traffic shifting. | Add component and e2e tests for canary routing critical flows. | Add component and e2e tests for traffic shifting critical flows. | Add health badges, charts, timelines, and affected-object drilldowns for canary routing. | Add health badges, charts, timelines, and affected-object drilldowns for traffic shifting. | Add investigation timeline, tool-call evidence, confidence labels, approval prompts, replay, and promote-to-runbook actions for canary routing. | Add investigation timeline, tool-call evidence, confidence labels, approval prompts, replay, and promote-to-runbook actions for traffic shifting. | +6 more","Expose authenticated API endpoints for Edge, API, and Service Mesh canary routing agentic-investigation with pagination, freshness metadata, audit IDs, error codes, and export support. | Expose authenticated API endpoints for Edge, API, and Service Mesh canary routing ai-triage with pagination, freshness metadata, audit IDs, error codes, and export support. | Expose authenticated API endpoints for Edge, API, and Service Mesh canary routing automation with pagination, freshness metadata, audit IDs, error codes, and export support. | Expose authenticated API endpoints for Edge, API, and Service Mesh canary routing health with pagination, freshness metadata, audit IDs, error codes, and export support. | Expose authenticated API endpoints for Edge, API, and Service Mesh canary routing inventory with pagination, freshness metadata, audit IDs, error codes, and export support. | Expose authenticated API endpoints for Edge, API, and Service Mesh canary routing operations with pagination, freshness metadata, audit IDs, error codes, and export support. | Expose authenticated API endpoints for Edge, API, and Service Mesh canary routing tests with pagination, freshness metadata, audit IDs, error codes, and export support. | Expose authenticated API endpoints for Edge, API, and Service Mesh traffic shifting agentic-investigation with pagination, freshness metadata, audit IDs, error codes, and export support. | +6 more","canary-routing_cost_agentic-investigation evidence, score, finding, recommendation, owner, suppression, audit event | canary-routing_cost_ai-triage evidence, score, finding, recommendation, owner, suppression, audit event | canary-routing_cost_automation evidence, score, finding, recommendation, owner, suppression, audit event | canary-routing_cost_health evidence, score, finding, recommendation, owner, suppression, audit event | canary-routing_cost_inventory evidence, score, finding, recommendation, owner, suppression, audit event | canary-routing_cost_operations evidence, score, finding, recommendation, owner, suppression, audit event | canary-routing_cost_tests evidence, score, finding, recommendation, owner, suppression, audit event | canary-routing_disaster-recovery_agentic-investigation evidence, score, finding, recommendation, owner, suppression, audit event | +90 more","Implement deterministic checks for canary routing cost that can run without an LLM, emit reason codes, and preserve raw evidence.","Allow agentic investigation only through registered tools for canary routing; read-only diagnostics are default, mutations require explicit approval, and every tool call is replayable.","Support inspect, compare, diagnose, dry-run, approve, execute, rollback-note, audit, and export workflows for canary routing.","Identify savings opportunities for canary routing, quantify estimated monthly impact, confidence, effort, risk, and verification steps.","Require RBAC, scoped credentials, rate limits, stale-data detection, blast-radius summary, suppression policy, and rollback or recovery notes for canary routing.","Emit collection duration, freshness age, success/failure counts, rule evaluation count, AI/tool-call count when applicable, and user action audit metrics for canary routing. | Emit collection duration, freshness age, success/failure counts, rule evaluation count, AI/tool-call count when applicable, and user action audit metrics for traffic shifting.","Add unit tests for evaluator logic, fixture tests for collected evidence, API contract tests, UI render/action tests, and one failure-path test for stale or missing canary routing data. | Add unit tests for evaluator logic, fixture tests for collected evidence, API contract tests, UI render/action tests, and one failure-path test for stale or missing traffic shifting data.","Gate behind a feature flag, support read-only mode first, document required permissions, and add rollback or disable instructions before enabling canary routing agentic-investigation broadly. | Gate behind a feature flag, support read-only mode first, document required permissions, and add rollback or disable instructions before enabling canary routing ai-triage broadly. | Gate behind a feature flag, support read-only mode first, document required permissions, and add rollback or disable instructions before enabling canary routing automation broadly. | Gate behind a feature flag, support read-only mode first, document required permissions, and add rollback or disable instructions before enabling canary routing health broadly. | Gate behind a feature flag, support read-only mode first, document required permissions, and add rollback or disable instructions before enabling canary routing inventory broadly. | Gate behind a feature flag, support read-only mode first, document required permissions, and add rollback or disable instructions before enabling canary routing operations broadly. | Gate behind a feature flag, support read-only mode first, document required permissions, and add rollback or disable instructions before enabling canary routing tests broadly. | Gate behind a feature flag, support read-only mode first, document required permissions, and add rollback or disable instructions before enabling traffic shifting agentic-investigation broadly. | +6 more","Document prerequisites, permissions, setup, known limits, common failure modes, triage commands, remediation approval path, and verification checks for canary routing. | Document prerequisites, permissions, setup, known limits, common failure modes, triage commands, remediation approval path, and verification checks for traffic shifting.","Given canary routing data exists, when the cost agentic-investigation workflow runs, then Mayyam stores evidence, shows status, explains gaps, and exposes API/UI tests for the happy path and one failure path. | Given canary routing data exists, when the cost ai-triage workflow runs, then Mayyam stores evidence, shows status, explains gaps, and exposes API/UI tests for the happy path and one failure path. | Given canary routing data exists, when the cost automation workflow runs, then Mayyam stores evidence, shows status, explains gaps, and exposes API/UI tests for the happy path and one failure path. | Given canary routing data exists, when the cost health workflow runs, then Mayyam stores evidence, shows status, explains gaps, and exposes API/UI tests for the happy path and one failure path. | +94 more","canary routing connector credentials, normalized resource identity, sync-run freshness, RBAC, audit logging | traffic shifting connector credentials, normalized resource identity, sync-run freshness, RBAC, audit logging",planned-gap,docs/product-roadmap/36-edge-api-service-mesh/feature-backlog.csv
